58
0 1 38 238
0 2 145 150
0 3 241 333
0 4 428 382
0 5 516 504
0 6 362 337
0 7 379 377
0 8 518 618
0 9 552 604
0 10 671 571
0 11 205 281
0 12 915 648
0 13 995 854
0 14 150 389
0 15 494 636
0 16 936 748
0 17 139 167
0 18 106 155
0 19 276 207
0 20 35 319
0 21 399 505
0 22 538 389
0 23 195 424
0 24 658 734
0 25 471 383
0 26 519 615
0 27 244 304
0 28 985 916
0 29 100 325
0 30 239 302
0 31 668 679
0 32 959 857
0 33 925 832
0 34 920 676
0 35 734 626
0 36 817 802
0 37 960 935
0 38 702 540
0 39 783 612
0 40 689 529
0 41 55 336
0 42 306 458
0 43 47 178
0 44 522 563
0 45 342 320
0 46 275 252
0 47 881 698
0 48 873 655
0 49 231 271
0 50 652 542
0 51 577 672
0 52 278 475
0 53 121 384
0 54 19 267
0 55 851 624
0 56 915 743
0 57 655 474
0 58 702 634
0 59 943 714
0 60 543 515
0 61 491 432
0 62 243 376
0 63 862 678
0 64 374 369
0 65 147 375
0 66 920 808
0 67 34 182
0 68 678 769
0 69 491 369
0 70 963 792
0 71 166 340
0 72 416 356
0 73 606 453
0 74 227 175
0 75 778 696
0 76 508 585
0 77 862 808
0 78 746 579
0 79 695 570
0 80 229 263
0 81 518 380
0 82 488 577
0 83 114 127
0 84 266 375
0 85 488 499
0 86 566 655
0 87 534 554
0 88 810 625
0 89 186 359
0 90 599 699
0 91 649 709
0 92 139 271
0 93 667 480
0 94 46 40
0 95 749 598
0 96 224 211
0 97 252 455
0 98 780 685
0 99 376 442
1 2 269 199
1 3 773 651
1 4 642 508
1 5 665 568
1 6 121 108
1 7 335 399
1 8 202 283
1 9 179 127
1 10 788 758
1 11 574 537
1 12 766 637
1 13 997 913
1 14 518 393
1 15 895 804
1 16 287 248
1 17 162 387
1 18 261 294
1 19 469 535
1 20 652 726
1 21 847 790
1 22 422 334
1 23 494 414
1 24 782 551
1 25 594 565
1 26 691 775
1 27 787 802
1 28 563 514
1 29 561 433
1 30 878 837
1 31 742 755
1 32 206 398
1 33 978 693
1 34 892 924
1 35 76 247
1 36 799 584
1 37 847 888
1 38 794 794
1 39 673 644
1 40 85 171
1 41 730 655
1 42 364 516
1 43 687 562
1 44 289 270
1 45 604 427
1 46 667 605
1 47 668 574
1 48 803 816
1 49 443 315
1 50 316 353
1 51 422 460
1 52 781 688
1 53 109 252
1 54 560 501
1 55 500 403
1 56 656 588
1 57 463 403
1 58 121 243
1 59 335 513
1 60 845 768
1 61 331 403
1 62 591 680
1 63 922 764
1 64 540 620
1 65 862 606
1 66 72 165
1 67 845 629
1 68 606 517
1 69 880 889
1 70 182 238
1 71 873 906
1 72 899 781
1 73 716 658
1 74 595 689
1 75 184 226
1 76 216 423
1 77 927 891
1 78 96 200
1 79 847 868
1 80 684 751
1 81 335 355
1 82 846 838
1 83 996 822
1 84 15 35
1 85 753 530
1 86 688 571
1 87 760 732
1 88 584 413
1 89 960 741
1 90 140 247
1 91 567 489
1 92 154 379
1 93 405 285
1 94 373 276
1 95 840 829
1 96 486 502
1 97 330 260
1 98 746 672
1 99 194 416
2 3 885 634
2 4 245 270
2 5 307 414
2 6 858 628
2 7 110 329
2 8 352 354
2 9 948 691
2 10 593 444
2 11 711 594
2 12 784 672
2 13 172 288
2 14 123 343
2 15 5 227
2 16 585 412
2 17 849 648
2 18 66 258
2 19 581 700
2 20 742 673
2 21 659 706
2 22 132 206
2 23 469 556
2 24 989 935
2 25 279 199
2 26 210 299
2 27 999 976
2 28 448 397
2 29 458 427
2 30 84 235
2 31 117 83
2 32 265 218
2 33 807 592
2 34 438 496
2 35 144 177
2 36 494 524
2 37 492 520
2 38 734 789
2 39 857 882
2 40 512 513
2 41 77 349
2 42 205 190
2 43 935 811
2 44 89 294
2 45 709 518
2 46 616 650
2 47 294 281
2 48 340 341
2 49 712 612
2 50 234 464
2 51 358 437
2 52 539 510
2 53 31 287
2 54 125 320
2 55 880 709
2 56 598 547
2 57 649 717
2 58 39 114
2 59 107 275
2 60 890 862
2 61 204 252
2 62 689 580
2 63 371 526
2 64 31 228
2 65 195 259
2 66 890 704
2 67 390 468
2 68 593 669
2 69 570 530
2 70 142 336
2 71 132 291
2 72 773 685
2 73 170 270
2 74 529 550
2 75 234 333
2 76 763 758
2 77 138 290
2 78 967 780
2 79 470 502
2 80 172 404
2 81 36 319
2 82 175 371
2 83 906 874
2 84 779 629
2 85 10 240
2 86 87 295
2 87 38 242
2 88 717 725
2 89 359 413
2 90 70 275
2 91 872 850
2 92 798 653
2 93 152 398
2 94 613 635
2 95 764 658
2 96 295 381
2 97 473 349
2 98 773 705
2 99 82 263
3 4 109 255
3 5 267 307
3 6 356 295
3 7 427 525
3 8 45 222
3 9 464 474
3 10 257 468
3 11 187 207
3 12 50 77
3 13 914 659
3 14 857 735
3 15 637 538
3 16 692 661
3 17 449 609
3 18 263 422
3 19 126 371
3 20 766 571
3 21 369 479
3 22 44 85
3 23 51 229
3 24 343 359
3 25 983 855
3 26 381 285
3 27 528 588
3 28 507 579
3 29 304 255
3 30 425 419
3 31 130 136
3 32 69 293
3 33 398 341
3 34 699 513
3 35 601 445
3 36 329 261
3 37 339 249
3 38 685 738
3 39 154 277
3 40 907 644
3 41 261 481
3 42 591 465
3 43 470 427
3 44 113 204
3 45 53 42
3 46 980 847
3 47 506 571
3 48 185 147
3 49 833 724
3 50 461 368
3 51 41 32
3 52 218 196
3 53 861 639
3 54 581 702
3 55 887 860
3 56 862 861
3 57 533 462
3 58 749 719
3 59 882 873
3 60 787 677
3 61 47 266
3 62 490 642
3 63 868 831
3 64 512 614
3 65 269 411
3 66 628 609
3 67 543 431
3 68 962 701
3 69 595 496
3 70 370 424
3 71 999 967
3 72 691 714
3 73 614 618
3 74 110 303
3 75 18 124
3 76 678 702
3 77 907 862
3 78 818 749
3 79 565 690
3 80 952 783
3 81 259 391
3 82 55 149
3 83 923 664
3 84 92 290
3 85 894 844
3 86 177 351
3 87 406 505
3 88 451 513
3 89 152 280
3 90 699 706
3 91 193 340
3 92 441 556
3 93 916 678
3 94 729 631
3 95 489 561
3 96 681 514
3 97 249 268
3 98 729 564
3 99 206 315
4 5 620 522
4 6 739 708
4 7 755 782
4 8 312 411
4 9 200 403
4 10 370 303
4 11 480 543
4 12 614 562
4 13 714 585
4 14 593 633
4 15 241 245
4 16 948 826
4 17 480 568
4 18 412 335
4 19 356 434
4 20 556 567
4 21 593 701
4 22 593 487
4 23 196 241
4 24 598 676
4 25 60 260
4 26 428 588
4 27 826 831
4 28 126 263
4 29 85 108
4 30 444 358
4 31 525 553
4 32 0 87
4 33 79 333
4 34 234 275
4 35 213 349
4 36 569 622
4 37 78 161
4 38 435 539
4 39 961 796
4 40 674 566
4 41 893 847
4 42 61 62
4 43 547 629
4 44 295 386
4 45 182 222
4 46 360 544
4 47 526 542
4 48 463 585
4 49 192 257
4 50 815 658
4 51 185 224
4 52 496 426
4 53 876 889
4 54 144 278
4 55 436 413
4 56 707 766
4 57 527 454
4 58 663 515
4 59 520 440
4 60 416 292
4 61 30 170
4 62 397 360
4 63 180 322
4 64 261 318
4 65 658 564
4 66 125 327
4 67 433 311
4 68 349 512
4 69 139 287
4 70 806 594
4 71 673 713
4 72 859 771
4 73 280 267
4 74 247 422
4 75 909 844
4 76 565 455
4 77 575 469
4 78 833 878
4 79 115 213
4 80 732 612
4 81 82 300
4 82 309 392
4 83 883 734
4 84 579 451
4 85 712 513
4 86 693 599
4 87 741 621
4 88 670 653
4 89 537 649
4 90 856 673
4 91 440 485
4 92 645 724
4 93 599 612
4 94 366 316
4 95 329 445
4 96 19 14
4 97 209 195
4 98 677 482
4 99 643 454
5 6 532 411
5 7 692 509
5 8 980 881
5 9 172 364
5 10 80 341
5 11 14 182
5 12 990 899
5 13 686 484
5 14 35 171
5 15 405 341
5 16 435 363
5 17 881 736
5 18 15 257
5 19 374 459
5 20 726 566
5 21 344 310
5 22 907 823
5 23 860 636
5 24 186 200
5 25 64 114
5 26 235 355
5 27 960 879
5 28 54 141
5 29 389 492
5 30 28 82
5 31 114 276
5 32 160 283
5 33 940 921
5 34 357 548
5 35 519 616
5 36 261 424
5 37 413 371
5 38 888 777
5 39 605 430
5 40 822 844
5 41 913 671
5 42 335 256
5 43 782 807
5 44 611 606
5 45 525 416
5 46 284 355
5 47 939 743
5 48 609 457
5 49 943 845
5 50 489 405
5 51 614 554
5 52 350 456
5 53 890 631
5 54 208 395
5 55 133 266
5 56 763 651
5 57 304 376
5 58 879 755
5 59 237 303
5 60 925 779
5 61 109 337
5 62 788 712
5 63 281 261
5 64 643 730
5 65 101 292
5 66 852 807
5 67 523 580
5 68 752 754
5 69 127 182
5 70 335 507
5 71 787 703
5 72 187 315
5 73 743 644
5 74 672 738
5 75 926 884
5 76 82 142
5 77 636 482
5 78 513 482
5 79 237 258
5 80 74 138
5 81 34 59
5 82 359 473
5 83 316 507
5 84 421 329
5 85 549 390
5 86 225 319
5 87 742 645
5 88 345 517
5 89 853 725
5 90 707 751
5 91 769 739
5 92 393 451
5 93 112 239
5 94 626 686
5 95 161 120
5 96 934 746
5 97 909 907
5 98 261 474
5 99 519 575
6 7 910 848
6 8 899 641
6 9 145 109
6 10 730 710
6 11 596 517
6 12 677 653
6 13 156 203
6 14 540 479
6 15 757 655
6 16 479 349
6 17 678 622
6 18 957 828
6 19 751 610
6 20 766 693
6 21 430 522
6 22 722 771
6 23 12 125
6 24 505 533
6 25 169 396
6 26 177 347
6 27 380 300
6 28 54 304
6 29 646 707
6 30 579 573
6 31 187 399
6 32 942 927
6 33 476 516
6 34 579 664
6 35 751 564
6 36 861 733
6 37 293 217
6 38 906 715
6 39 825 740
6 40 895 652
6 41 620 446
6 42 971 797
6 43 931 868
6 44 758 634
6 45 79 326
6 46 510 429
6 47 734 775
6 48 221 345
6 49 105 268
6 50 922 861
6 51 14 22
6 52 293 351
6 53 264 414
6 54 450 430
6 55 269 251
6 56 638 451
6 57 691 771
6 58 706 552
6 59 44 73
6 60 555 653
6 61 219 260
6 62 476 574
6 63 484 571
6 64 704 706
6 65 220 175
6 66 49 47
6 67 925 906
6 68 473 607
6 69 864 623
6 70 138 144
6 71 168 163
6 72 474 607
6 73 806 594
6 74 489 631
6 75 457 411
6 76 189 182
6 77 359 546
6 78 754 608
6 79 89 112
6 80 684 606
6 81 260 259
6 82 905 853
6 83 171 329
6 84 685 594
6 85 530 445
6 86 64 74
6 87 74 211
6 88 153 259
6 89 637 654
6 90 957 926
6 91 884 910
6 92 381 471
6 93 373 344
6 94 528 563
6 95 390 558
6 96 529 464
6 97 556 554
6 98 431 356
6 99 223 330
7 8 528 393
7 9 959 754
7 10 558 548
7 11 178 236
7 12 990 705
7 13 215 279
7 14 792 666
7 15 576 697
7 16 789 765
7 17 71 295
7 18 955 772
7 19 790 647
7 20 870 744
7 21 348 529
7 22 688 629
7 23 235 446
7 24 702 612
7 25 375 511
7 26 829 853
7 27 493 458
7 28 781 754
7 29 143 187
7 30 703 710
7 31 697 674
7 32 139 347
7 33 757 730
7 34 693 705
7 35 278 195
7 36 127 283
7 37 121 239
7 38 992 870
7 39 233 291
7 40 700 748
7 41 761 780
7 42 983 786
7 43 648 697
7 44 3 295
7 45 484 545
7 46 525 654
7 47 739 571
7 48 15 53
7 49 367 499
7 50 856 710
7 51 555 414
7 52 788 665
7 53 708 522
7 54 986 880
7 55 230 240
7 56 116 379
7 57 786 602
7 58 140 118
7 59 426 320
7 60 620 530
7 61 74 248
7 62 317 290
7 63 538 434
7 64 156 247
7 65 273 433
7 66 801 776
7 67 842 657
7 68 3 81
7 69 91 251
7 70 282 426
7 71 50 201
7 72 491 474
7 73 61 227
7 74 578 443
7 75 989 893
7 76 642 475
7 77 485 591
7 78 792 569
7 79 279 312
7 80 928 875
7 81 318 289
7 82 300 296
7 83 347 498
7 84 389 382
7 85 452 461
7 86 553 635
7 87 435 550
7 88 995 963
7 89 43 134
7 90 454 360
7 91 356 327
7 92 544 470
7 93 796 571
7 94 746 564
7 95 669 471
7 96 937 927
7 97 592 603
7 98 751 707
7 99 874 808
8 9 485 622
8 10 616 577
8 11 517 413
8 12 367 542
8 13 220 154
8 14 372 335
8 15 490 410
8 16 650 484
8 17 876 880
8 18 249 412
8 19 616 494
8 20 431 575
8 21 554 584
8 22 488 475
8 23 660 730
8 24 319 281
8 25 508 521
8 26 270 318
8 27 155 168
8 28 545 593
8 29 924 897
8 30 621 637
8 31 4 203
8 32 279 411
8 33 571 689
8 34 126 381
8 35 311 456
8 36 105 353
8 37 773 757
8 38 520 426
8 39 510 550
8 40 970 787
8 41 557 678
8 42 205 263
8 43 638 521
8 44 38 200
8 45 35 218
8 46 67 319
8 47 484 400
8 48 712 574
8 49 682 526
8 50 614 650
8 51 764 827
8 52 195 392
8 53 878 839
8 54 917 801
8 55 668 623
8 56 526 479
8 57 605 447
8 58 721 568
8 59 155 309
8 60 359 314
8 61 221 191
8 62 735 693
8 63 71 168
8 64 223 300
8 65 129 189
8 66 719 663
8 67 530 538
8 68 705 607
8 69 577 437
8 70 378 450
8 71 4 18
8 72 657 688
8 73 9 247
8 74 454 462
8 75 183 254
8 76 800 638
8 77 490 516
8 78 432 359
8 79 896 818
8 80 410 429
8 81 400 449
8 82 924 713
8 83 37 44
8 84 165 312
8 85 488 433
8 86 302 465
8 87 905 720
8 88 641 498
8 89 372 365
8 90 674 491
8 91 448 444
8 92 489 503
8 93 558 624
8 94 733 587
8 95 686 635
8 96 157 238
8 97 852 611
8 98 508 359
8 99 651 710
9 10 142 303
9 11 659 603
9 12 454 526
9 13 920 884
9 14 898 917
9 15 390 518
9 16 328 258
9 17 224 188
9 18 471 575
9 19 72 63
9 20 456 389
9 21 307 291
9 22 235 183
9 23 708 615
9 24 801 807
9 25 654 662
9 26 773 678
9 27 362 351
9 28 128 218
9 29 697 721
9 30 502 625
9 31 722 682
9 32 521 420
9 33 387 289
9 34 542 414
9 35 595 654
9 36 213 430
9 37 939 709
9 38 614 457
9 39 274 193
9 40 349 325
9 41 579 554
9 42 459 436
9 43 43 291
9 44 469 399
9 45 456 358
9 46 498 444
9 47 248 192
9 48 504 602
9 49 371 496
9 50 949 818
9 51 301 352
9 52 279 308
9 53 619 694
9 54 585 438
9 55 555 489
9 56 612 641
9 57 813 747
9 58 234 366
9 59 909 899
9 60 744 598
9 61 491 525
9 62 198 239
9 63 979 828
9 64 105 320
9 65 820 711
9 66 872 770
9 67 814 807
9 68 303 233
9 69 723 538
9 70 442 577
9 71 428 451
9 72 233 297
9 73 584 430
9 74 220 280
9 75 55 88
9 76 152 230
9 77 133 298
9 78 164 176
9 79 838 697
9 80 985 794
9 81 482 572
9 82 39 307
9 83 839 885
9 84 259 467
9 85 366 457
9 86 374 351
9 87 30 206
9 88 471 353
9 89 343 529
9 90 821 697
9 91 981 736
9 92 4 288
9 93 920 699
9 94 701 752
9 95 874 825
9 96 991 700
9 97 211 161
9 98 632 492
9 99 389 444
10 11 166 276
10 12 317 252
10 13 616 605
10 14 381 392
10 15 969 720
10 16 695 608
10 17 544 455
10 18 877 742
10 19 6 287
10 20 978 829
10 21 88 235
10 22 771 544
10 23 180 181
10 24 230 381
10 25 258 391
10 26 742 803
10 27 353 404
10 28 301 366
10 29 756 787
10 30 80 218
10 31 147 377
10 32 783 821
10 33 608 437
10 34 765 610
10 35 193 264
10 36 533 487
10 37 334 332
10 38 324 311
10 39 237 440
10 40 751 636
10 41 802 829
10 42 462 346
10 43 348 534
10 44 909 661
10 45 811 803
10 46 98 108
10 47 458 327
10 48 887 704
10 49 83 211
10 50 409 442
10 51 572 541
10 52 468 420
10 53 169 327
10 54 676 480
10 55 143 168
10 56 148 338
10 57 223 281
10 58 226 371
10 59 9 85
10 60 727 541
10 61 364 277
10 62 15 59
10 63 238 413
10 64 890 797
10 65 200 255
10 66 435 308
10 67 922 727
10 68 295 423
10 69 664 614
10 70 32 76
10 71 395 468
10 72 196 352
10 73 830 641
10 74 266 335
10 75 977 863
10 76 784 636
10 77 175 350
10 78 802 636
10 79 984 696
10 80 643 470
10 81 846 844
10 82 911 886
10 83 132 345
10 84 505 378
10 85 690 617
10 86 846 789
10 87 78 300
10 88 530 667
10 89 390 468
10 90 862 902
10 91 171 223
10 92 363 340
10 93 118 194
10 94 834 855
10 95 91 113
10 96 390 482
10 97 174 367
10 98 875 806
10 99 404 369
11 12 403 437
11 13 768 541
11 14 471 573
11 15 538 497
11 16 962 871
11 17 453 464
11 18 303 428
11 19 219 399
11 20 722 758
11 21 962 726
11 22 34 249
11 23 504 379
11 24 9 258
11 25 808 847
11 26 828 777
11 27 539 429
11 28 881 749
11 29 253 287
11 30 704 567
11 31 469 418
11 32 230 371
11 33 636 537
11 34 347 512
11 35 310 288
11 36 657 628
11 37 777 754
11 38 862 800
11 39 470 539
11 40 212 210
11 41 662 568
11 42 421 566
11 43 394 434
11 44 689 488
11 45 57 230
11 46 74 336
11 47 727 568
11 48 608 664
11 49 150 394
11 50 201 409
11 51 912 792
11 52 590 491
11 53 938 873
11 54 217 276
11 55 660 614
11 56 596 534
11 57 884 789
11 58 138 174
11 59 636 610
11 60 304 417
11 61 428 437
11 62 542 470
11 63 234 219
11 64 986 900
11 65 451 608
11 66 394 393
11 67 91 295
11 68 692 666
11 69 433 370
11 70 466 467
11 71 625 466
11 72 86 169
11 73 485 433
11 74 416 461
11 75 425 360
11 76 588 442
11 77 615 473
11 78 218 218
11 79 934 767
11 80 938 891
11 81 381 388
11 82 890 842
11 83 418 562
11 84 936 943
11 85 664 514
11 86 894 706
11 87 678 521
11 88 275 343
11 89 439 557
11 90 567 609
11 91 945 856
11 92 931 730
11 93 381 498
11 94 275 366
11 95 801 749
11 96 142 210
11 97 996 745
11 98 686 676
11 99 369 439
12 13 110 363
12 14 408 346
12 15 761 813
12 16 970 929
12 17 483 453
12 18 894 716
12 19 338 525
12 20 489 354
12 21 934 916
12 22 224 239
12 23 444 574
12 24 510 592
12 25 411 332
12 26 491 619
12 27 998 718
12 28 401 487
12 29 437 547
12 30 141 370
12 31 634 585
12 32 810 766
12 33 324 471
12 34 103 279
12 35 566 651
12 36 510 526
12 37 102 270
12 38 976 932
12 39 7 72
12 40 472 618
12 41 118 235
12 42 206 434
12 43 255 357
12 44 544 473
12 45 725 699
12 46 248 193
12 47 896 645
12 48 622 447
12 49 97 272
12 50 574 697
12 51 472 531
12 52 85 145
12 53 766 639
12 54 538 411
12 55 739 630
12 56 971 962
12 57 633 630
12 58 151 246
12 59 356 333
12 60 576 461
12 61 456 412
12 62 20 268
12 63 758 650
12 64 117 210
12 65 695 599
12 66 674 684
12 67 635 641
12 68 152 288
12 69 822 595
12 70 684 516
12 71 153 373
12 72 194 189
12 73 701 645
12 74 82 102
12 75 732 664
12 76 173 298
12 77 235 372
12 78 674 653
12 79 611 501
12 80 220 429
12 81 319 486
12 82 771 740
12 83 937 794
12 84 355 424
12 85 178 278
12 86 909 656
12 87 825 742
12 88 170 242
12 89 899 818
12 90 65 334
12 91 200 221
12 92 822 854
12 93 589 672
12 94 192 262
12 95 133 367
12 96 396 441
12 97 804 822
12 98 702 515
12 99 540 541
13 14 713 598
13 15 894 679
13 16 734 614
13 17 921 817
13 18 488 396
13 19 291 418
13 20 371 330
13 21 4 14
13 22 813 732
13 23 720 714
13 24 111 183
13 25 299 353
13 26 993 793
13 27 488 635
13 28 589 427
13 29 643 614
13 30 251 322
13 31 845 658
13 32 978 743
13 33 538 635
13 34 259 409
13 35 19 170
13 36 594 558
13 37 921 696
13 38 317 271
13 39 63 272
13 40 602 590
13 41 349 329
13 42 965 699
13 43 469 475
13 44 408 435
13 45 121 331
13 46 464 391
13 47 6 199
13 48 402 472
13 49 150 352
13 50 573 431
13 51 98 218
13 52 70 68
13 53 343 381
13 54 75 258
13 55 758 825
13 56 594 562
13 57 158 290
13 58 684 720
13 59 558 458
13 60 715 575
13 61 392 313
13 62 245 175
13 63 575 505
13 64 959 901
13 65 735 634
13 66 514 441
13 67 257 358
13 68 742 600
13 69 981 753
13 70 652 729
13 71 434 310
13 72 664 682
13 73 441 500
13 74 397 359
13 75 233 301
13 76 68 67
13 77 557 552
13 78 515 461
13 79 486 438
13 80 797 645
13 81 705 593
13 82 338 521
13 83 665 601
13 84 459 513
13 85 167 301
13 86 123 352
13 87 323 432
13 88 225 424
13 89 659 605
13 90 399 287
13 91 504 496
13 92 340 443
13 93 30 75
13 94 828 756
13 95 279 229
13 96 821 592
13 97 804 577
13 98 477 509
13 99 453 428
14 15 199 281
14 16 961 764
14 17 862 758
14 18 460 602
14 19 97 112
14 20 479 406
14 21 822 600
14 22 312 339
14 23 254 261
14 24 24 258
14 25 644 585
14 26 227 459
14 27 163 352
14 28 232 286
14 29 105 250
14 30 136 391
14 31 175 235
14 32 509 402
14 33 107 77
14 34 166 344
14 35 261 238
14 36 835 860
14 37 78 206
14 38 430 551
14 39 848 660
14 40 966 939
14 41 422 507
14 42 560 524
14 43 223 221
14 44 32 173
14 45 107 288
14 46 320 363
14 47 410 331
14 48 210 439
14 49 302 411
14 50 188 332
14 51 845 593
14 52 752 578
14 53 332 256
14 54 630 451
14 55 709 670
14 56 756 707
14 57 725 732
14 58 598 519
14 59 568 661
14 60 982 742
14 61 638 672
14 62 238 465
14 63 217 289
14 64 835 780
14 65 54 309
14 66 595 472
14 67 847 673
14 68 309 248
14 69 608 675
14 70 340 447
14 71 117 85
14 72 357 536
14 73 671 544
14 74 53 310
14 75 879 762
14 76 548 490
14 77 224 452
14 78 566 402
14 79 513 552
14 80 112 162
14 81 843 869
14 82 725 618
14 83 998 929
14 84 419 431
14 85 189 395
14 86 551 621
14 87 333 326
14 88 649 708
14 89 216 282
14 90 275 454
14 91 703 552
14 92 778 770
14 93 551 537
14 94 748 551
14 95 213 173
14 96 2 80
14 97 981 757
14 98 827 829
14 99 207 306
15 16 434 477
15 17 305 473
15 18 190 141
15 19 686 719
15 20 902 917
15 21 171 337
15 22 104 252
15 23 793 653
15 24 662 540
15 25 169 128
15 26 169 213
15 27 981 975
15 28 888 857
15 29 836 783
15 30 673 683
15 31 665 636
15 32 740 693
15 33 445 389
15 34 79 292
15 35 525 421
15 36 489 342
15 37 697 578
15 38 947 685
15 39 733 568
15 40 488 412
15 41 979 862
15 42 465 351
15 43 500 481
15 44 280 297
15 45 862 817
15 46 523 371
15 47 599 455
15 48 847 762
15 49 982 851
15 50 923 821
15 51 872 799
15 52 79 191
15 53 895 722
15 54 27 140
15 55 89 234
15 56 962 972
15 57 168 236
15 58 558 583
15 59 118 287
15 60 567 608
15 61 742 688
15 62 305 408
15 63 755 695
15 64 475 410
15 65 843 831
15 66 332 491
15 67 931 831
15 68 946 815
15 69 60 95
15 70 320 338
15 71 536 546
15 72 616 648
15 73 462 383
15 74 506 461
15 75 130 141
15 76 265 420
15 77 231 187
15 78 119 317
15 79 810 618
15 80 172 323
15 81 330 349
15 82 204 343
15 83 206 295
15 84 203 321
15 85 874 788
15 86 755 627
15 87 485 439
15 88 776 548
15 89 603 558
15 90 486 448
15 91 420 307
15 92 671 568
15 93 640 618
15 94 728 723
15 95 534 602
15 96 545 406
15 97 805 854
15 98 834 590
15 99 986 735
16 17 577 538
16 18 403 478
16 19 412 343
16 20 88 149
16 21 568 534
16 22 282 360
16 23 390 325
16 24 603 521
16 25 266 347
16 26 95 139
16 27 243 224
16 28 9 226
16 29 671 571
16 30 332 379
16 31 8 45
16 32 665 695
16 33 314 407
16 34 419 472
16 35 826 661
16 36 827 779
16 37 595 487
16 38 435 522
16 39 184 322
16 40 214 211
16 41 355 252
16 42 869 764
16 43 620 662
16 44 673 531
16 45 679 548
16 46 859 649
16 47 835 853
16 48 316 311
16 49 828 747
16 50 381 328
16 51 543 455
16 52 577 538
16 53 857 709
16 54 5 78
16 55 892 821
16 56 347 411
16 57 985 928
16 58 468 497
16 59 303 334
16 60 555 490
16 61 118 310
16 62 678 615
16 63 123 106
16 64 110 228
16 65 614 669
16 66 61 265
16 67 240 309
16 68 557 597
16 69 895 775
16 70 144 256
16 71 771 620
16 72 191 211
16 73 102 94
16 74 881 762
16 75 986 968
16 76 928 808
16 77 575 471
16 78 456 365
16 79 417 464
16 80 603 661
16 81 859 630
16 82 626 519
16 83 483 549
16 84 62 138
16 85 430 537
16 86 667 509
16 87 637 692
16 88 527 662
16 89 947 886
16 90 253 449
16 91 395 562
16 92 654 731
16 93 494 502
16 94 351 493
16 95 797 706
16 96 87 253
16 97 160 339
16 98 505 361
16 99 596 697
17 18 12 215
17 19 580 463
17 20 555 426
17 21 407 362
17 22 571 475
17 23 687 497
17 24 769 682
17 25 28 307
17 26 229 244
17 27 351 372
17 28 843 798
17 29 195 321
17 30 548 432
17 31 57 47
17 32 508 419
17 33 752 558
17 34 907 674
17 35 775 811
17 36 262 392
17 37 435 342
17 38 670 504
17 39 912 893
17 40 602 719
17 41 28 187
17 42 958 824
17 43 95 366
17 44 563 522
17 45 826 847
17 46 734 688
17 47 177 203
17 48 328 423
17 49 255 241
17 50 70 220
17 51 946 854
17 52 987 976
17 53 564 410
17 54 696 586
17 55 785 572
17 56 208 369
17 57 612 572
17 58 323 300
17 59 803 676
17 60 738 572
17 61 181 189
17 62 173 207
17 63 818 679
17 64 760 762
17 65 563 471
17 66 220 447
17 67 539 511
17 68 322 476
17 69 271 458
17 70 51 148
17 71 484 493
17 72 504 392
17 73 500 525
17 74 474 443
17 75 678 770
17 76 343 433
17 77 370 288
17 78 775 631
17 79 339 358
17 80 4 192
17 81 637 571
17 82 656 660
17 83 546 536
17 84 344 323
17 85 516 391
17 86 215 301
17 87 655 727
17 88 922 712
17 89 215 184
17 90 986 756
17 91 189 348
17 92 208 148
17 93 290 329
17 94 29 66
17 95 156 241
17 96 115 237
17 97 579 626
17 98 314 354
17 99 187 358
18 19 526 378
18 20 909 849
18 21 327 478
18 22 257 222
18 23 63 161
18 24 844 655
18 25 40 256
18 26 111 82
18 27 989 942
18 28 134 274
18 29 783 841
18 30 951 735
18 31 41 182
18 32 897 887
18 33 515 608
18 34 117 159
18 35 981 782
18 36 584 561
18 37 94 100
18 38 120 265
18 39 481 506
18 40 554 454
18 41 905 648
18 42 759 777
18 43 424 373
18 44 753 688
18 45 766 738
18 46 493 490
18 47 720 570
18 48 574 526
18 49 981 945
18 50 794 815
18 51 669 563
18 52 38 70
18 53 800 687
18 54 189 416
18 55 802 763
18 56 256 400
18 57 123 142
18 58 683 630
18 59 510 507
18 60 929 947
18 61 760 707
18 62 352 338
18 63 683 503
18 64 475 585
18 65 766 632
18 66 701 726
18 67 288 399
18 68 144 255
18 69 941 951
18 70 307 422
18 71 989 816
18 72 83 66
18 73 658 487
18 74 754 611
18 75 560 590
18 76 735 700
18 77 497 622
18 78 869 626
18 79 862 611
18 80 394 330
18 81 506 397
18 82 627 719
18 83 188 385
18 84 482 395
18 85 861 672
18 86 148 218
18 87 297 368
18 88 1 59
18 89 279 414
18 90 681 699
18 91 716 695
18 92 19 45
18 93 184 171
18 94 948 875
18 95 577 594
18 96 769 669
18 97 493 581
18 98 599 657
18 99 759 763
19 20 26 224
19 21 446 369
19 22 370 481
19 23 559 499
19 24 542 667
19 25 421 385
19 26 13 87
19 27 366 486
19 28 922 725
19 29 945 691
19 30 223 433
19 31 301 211
19 32 258 203
19 33 481 615
19 34 219 363
19 35 206 171
19 36 327 303
19 37 900 855
19 38 537 557
19 39 284 261
19 40 64 154
19 41 149 267
19 42 696 596
19 43 940 714
19 44 662 482
19 45 870 733
19 46 845 716
19 47 610 612
19 48 803 641
19 49 783 779
19 50 675 743
19 51 15 107
19 52 155 222
19 53 68 159
19 54 356 315
19 55 212 430
19 56 686 684
19 57 25 90
19 58 782 779
19 59 462 504
19 60 568 408
19 61 210 315
19 62 996 701
19 63 72 160
19 64 612 653
19 65 481 409
19 66 607 648
19 67 725 631
19 68 109 371
19 69 957 767
19 70 631 592
19 71 250 260
19 72 61 70
19 73 313 361
19 74 440 321
19 75 383 339
19 76 863 677
19 77 435 584
19 78 611 504
19 79 841 597
19 80 933 716
19 81 469 346
19 82 425 526
19 83 694 628
19 84 156 245
19 85 233 352
19 86 369 381
19 87 95 204
19 88 90 351
19 89 129 322
19 90 101 210
19 91 754 573
19 92 424 457
19 93 650 486
19 94 796 703
19 95 408 392
19 96 101 106
19 97 191 268
19 98 184 162
19 99 120 313
20 21 436 583
20 22 383 544
20 23 475 374
20 24 286 374
20 25 471 341
20 26 470 350
20 27 839 597
20 28 455 519
20 29 754 819
20 30 607 461
20 31 93 212
20 32 212 423
20 33 386 523
20 34 263 392
20 35 306 412
20 36 121 129
20 37 701 713
20 38 845 738
20 39 178 212
20 40 353 446
20 41 683 631
20 42 131 223
20 43 22 219
20 44 117 196
20 45 567 496
20 46 13 193
20 47 804 594
20 48 33 135
20 49 301 377
20 50 310 353
20 51 555 469
20 52 956 870
20 53 12 29
20 54 253 335
20 55 959 944
20 56 492 462
20 57 210 304
20 58 656 464
20 59 21 302
20 60 462 479
20 61 678 479
20 62 901 656
20 63 332 425
20 64 655 730
20 65 902 924
20 66 591 703
20 67 676 729
20 68 924 764
20 69 713 640
20 70 87 271
20 71 273 466
20 72 347 287
20 73 499 415
20 74 380 299
20 75 268 193
20 76 421 350
20 77 26 315
20 78 675 724
20 79 139 359
20 80 330 313
20 81 839 855
20 82 364 526
20 83 198 154
20 84 83 327
20 85 609 501
20 86 374 512
20 87 688 708
20 88 89 67
20 89 94 141
20 90 606 605
20 91 527 419
20 92 809 830
20 93 94 165
20 94 13 166
20 95 220 163
20 96 570 533
20 97 827 864
20 98 722 770
20 99 560 657
21 22 21 181
21 23 213 191
21 24 569 664
21 25 360 329
21 26 519 392
21 27 390 432
21 28 983 781
21 29 124 373
21 30 250 433
21 31 631 657
21 32 146 227
21 33 428 459
21 34 228 352
21 35 511 410
21 36 437 372
21 37 590 524
21 38 41 293
21 39 334 389
21 40 120 380
21 41 483 636
21 42 770 756
21 43 839 626
21 44 403 331
21 45 943 743
21 46 575 441
21 47 19 298
21 48 190 250
21 49 589 424
21 50 33 150
21 51 700 640
21 52 879 679
21 53 340 314
21 54 901 641
21 55 911 928
21 56 42 254
21 57 541 600
21 58 430 470
21 59 481 560
21 60 519 600
21 61 600 574
21 62 444 491
21 63 451 558
21 64 638 731
21 65 441 340
21 66 529 641
21 67 583 565
21 68 568 411
21 69 532 504
21 70 818 733
21 71 405 333
21 72 784 840
21 73 846 753
21 74 104 364
21 75 874 820
21 76 296 238
21 77 261 405
21 78 714 647
21 79 368 365
21 80 794 580
21 81 929 684
21 82 781 799
21 83 621 628
21 84 454 465
21 85 485 369
21 86 318 331
21 87 427 342
21 88 761 697
21 89 590 621
21 90 744 718
21 91 614 461
21 92 71 203
21 93 151 107
21 94 222 216
21 95 451 574
21 96 627 728
21 97 549 561
21 98 529 460
21 99 221 240
22 23 721 555
22 24 262 211
22 25 773 704
22 26 495 489
22 27 97 146
22 28 460 542
22 29 702 698
22 30 186 202
22 31 440 338
22 32 80 232
22 33 935 657
22 34 803 741
22 35 244 360
22 36 423 340
22 37 156 234
22 38 495 484
22 39 461 525
22 40 738 604
22 41 654 544
22 42 596 614
22 43 271 423
22 44 953 702
22 45 479 397
22 46 61 234
22 47 281 269
22 48 449 403
22 49 692 621
22 50 25 127
22 51 534 497
22 52 78 324
22 53 634 630
22 54 535 674
22 55 191 275
22 56 761 820
22 57 945 931
22 58 487 399
22 59 998 920
22 60 49 265
22 61 182 316
22 62 571 666
22 63 644 654
22 64 320 304
22 65 736 697
22 66 591 693
22 67 986 861
22 68 988 836
22 69 539 406
22 70 284 457
22 71 835 810
22 72 975 974
22 73 471 352
22 74 859 898
22 75 375 341
22 76 533 422
22 77 486 528
22 78 746 638
22 79 725 518
22 80 436 313
22 81 385 413
22 82 711 752
22 83 199 186
22 84 205 335
22 85 586 533
22 86 292 322
22 87 606 527
22 88 407 353
22 89 145 216
22 90 621 606
22 91 479 627
22 92 505 505
22 93 291 234
22 94 92 90
22 95 726 779
22 96 211 360
22 97 230 450
22 98 792 611
22 99 990 973
23 24 11 228
23 25 678 639
23 26 929 924
23 27 198 388
23 28 600 471
23 29 342 291
23 30 635 460
23 31 859 836
23 32 610 511
23 33 35 149
23 34 452 559
23 35 711 747
23 36 43 269
23 37 632 533
23 38 792 728
23 39 82 172
23 40 80 250
23 41 55 281
23 42 932 747
23 43 604 648
23 44 941 938
23 45 941 909
23 46 248 429
23 47 749 629
23 48 352 282
23 49 758 821
23 50 201 275
23 51 48 287
23 52 743 684
23 53 62 164
23 54 647 532
23 55 280 488
23 56 968 909
23 57 300 369
23 58 450 526
23 59 954 786
23 60 670 668
23 61 734 745
23 62 744 802
23 63 199 427
23 64 407 344
23 65 270 288
23 66 507 594
23 67 574 413
23 68 133 307
23 69 114 358
23 70 660 464
23 71 393 403
23 72 158 171
23 73 936 684
23 74 886 773
23 75 2 80
23 76 614 523
23 77 562 512
23 78 210 446
23 79 619 714
23 80 48 200
23 81 518 565
23 82 836 637
23 83 206 206
23 84 851 819
23 85 393 404
23 86 497 358
23 87 83 342
23 88 546 619
23 89 193 161
23 90 723 784
23 91 375 296
23 92 172 339
23 93 770 804
23 94 874 671
23 95 473 434
23 96 534 630
23 97 160 281
23 98 518 365
23 99 974 812
24 25 880 762
24 26 123 94
24 27 177 307
24 28 721 586
24 29 493 508
24 30 848 763
24 31 403 576
24 32 961 698
24 33 144 156
24 34 548 515
24 35 330 451
24 36 103 238
24 37 439 499
24 38 281 231
24 39 423 434
24 40 70 187
24 41 911 797
24 42 42 211
24 43 632 701
24 44 641 558
24 45 340 502
24 46 859 799
24 47 792 814
24 48 485 440
24 49 723 610
24 50 660 503
24 51 939 721
24 52 717 773
24 53 228 166
24 54 901 796
24 55 890 781
24 56 373 410
24 57 209 390
24 58 69 261
24 59 929 731
24 60 798 760
24 61 345 491
24 62 669 708
24 63 642 476
24 64 259 231
24 65 376 504
24 66 894 703
24 67 895 740
24 68 776 670
24 69 419 555
24 70 511 536
24 71 148 262
24 72 597 542
24 73 704 634
24 74 929 670
24 75 555 523
24 76 828 754
24 77 121 263
24 78 619 621
24 79 376 545
24 80 41 234
24 81 497 432
24 82 238 269
24 83 684 537
24 84 345 371
24 85 486 527
24 86 982 781
24 87 630 477
24 88 454 530
24 89 163 126
24 90 272 314
24 91 678 567
24 92 308 457
24 93 751 707
24 94 292 454
24 95 100 104
24 96 68 332
24 97 575 422
24 98 178 308
24 99 303 295
25 26 891 782
25 27 82 247
25 28 366 335
25 29 120 222
25 30 762 693
25 31 637 618
25 32 425 323
25 33 897 804
25 34 9 149
25 35 120 154
25 36 2 15
25 37 777 841
25 38 975 849
25 39 144 120
25 40 843 626
25 41 166 369
25 42 982 753
25 43 105 295
25 44 463 451
25 45 434 438
25 46 512 393
25 47 86 60
25 48 43 317
25 49 17 40
25 50 995 801
25 51 106 150
25 52 931 709
25 53 322 327
25 54 544 553
25 55 437 359
25 56 263 384
25 57 789 701
25 58 419 554
25 59 371 396
25 60 674 577
25 61 706 685
25 62 417 502
25 63 195 393
25 64 940 708
25 65 899 734
25 66 71 172
25 67 630 565
25 68 259 263
25 69 57 220
25 70 777 839
25 71 399 368
25 72 957 689
25 73 611 619
25 74 446 359
25 75 28 76
25 76 682 489
25 77 955 805
25 78 752 585
25 79 200 305
25 80 420 369
25 81 19 284
25 82 544 656
25 83 530 374
25 84 547 510
25 85 347 448
25 86 591 609
25 87 113 276
25 88 52 63
25 89 554 478
25 90 195 376
25 91 507 501
25 92 762 721
25 93 437 596
25 94 153 134
25 95 532 610
25 96 798 757
25 97 639 659
25 98 386 432
25 99 9 158
26 27 351 401
26 28 806 827
26 29 351 513
26 30 145 348
26 31 758 551
26 32 512 496
26 33 513 622
26 34 18 171
26 35 183 188
26 36 607 519
26 37 584 705
26 38 185 291
26 39 901 671
26 40 852 785
26 41 673 499
26 42 945 699
26 43 865 734
26 44 824 699
26 45 7 150
26 46 102 330
26 47 281 227
26 48 474 428
26 49 954 862
26 50 912 669
26 51 309 242
26 52 23 67
26 53 910 927
26 54 173 276
26 55 907 730
26 56 161 150
26 57 287 325
26 58 5 235
26 59 602 556
26 60 320 454
26 61 365 533
26 62 903 902
26 63 701 559
26 64 371 413
26 65 508 509
26 66 527 529
26 67 796 726
26 68 607 614
26 69 695 571
26 70 642 737
26 71 96 97
26 72 441 403
26 73 694 723
26 74 350 528
26 75 38 238
26 76 439 543
26 77 734 803
26 78 546 535
26 79 722 542
26 80 647 666
26 81 594 582
26 82 370 385
26 83 102 89
26 84 310 345
26 85 26 313
26 86 749 541
26 87 351 463
26 88 665 556
26 89 157 144
26 90 315 305
26 91 781 623
26 92 36 149
26 93 409 523
26 94 545 480
26 95 318 230
26 96 267 298
26 97 967 813
26 98 757 777
26 99 633 726
27 28 113 294
27 29 491 631
27 30 317 318
27 31 297 442
27 32 794 649
27 33 418 352
27 34 383 470
27 35 569 563
27 36 633 577
27 37 278 356
27 38 210 375
27 39 419 467
27 40 491 632
27 41 486 455
27 42 946 812
27 43 424 368
27 44 991 824
27 45 772 719
27 46 407 313
27 47 745 626
27 48 751 614
27 49 284 448
27 50 807 579
27 51 562 590
27 52 392 369
27 53 640 635
27 54 202 159
27 55 839 607
27 56 420 548
27 57 915 671
27 58 965 878
27 59 866 653
27 60 249 318
27 61 553 518
27 62 302 333
27 63 368 275
27 64 112 204
27 65 293 247
27 66 929 809
27 67 231 320
27 68 893 855
27 69 60 209
27 70 588 522
27 71 404 484
27 72 48 295
27 73 45 269
27 74 718 686
27 75 820 617
27 76 805 729
27 77 608 682
27 78 673 577
27 79 689 668
27 80 195 429
27 81 243 435
27 82 130 312
27 83 554 477
27 84 486 464
27 85 395 437
27 86 981 965
27 87 68 141
27 88 663 722
27 89 938 693
27 90 253 263
27 91 123 318
27 92 269 329
27 93 778 806
27 94 331 436
27 95 681 645
27 96 997 977
27 97 480 442
27 98 37 258
27 99 234 236
28 29 80 130
28 30 781 664
28 31 694 648
28 32 296 389
28 33 423 363
28 34 293 441
28 35 200 300
28 36 415 328
28 37 275 275
28 38 554 609
28 39 291 234
28 40 831 700
28 41 650 720
28 42 914 738
28 43 14 274
28 44 937 834
28 45 394 385
28 46 505 392
28 47 520 543
28 48 139 354
28 49 300 431
28 50 482 528
28 51 171 158
28 52 516 544
28 53 104 148
28 54 216 378
28 55 747 702
28 56 498 584
28 57 734 689
28 58 875 715
28 59 668 714
28 60 835 642
28 61 113 191
28 62 253 455
28 63 630 447
28 64 324 489
28 65 574 585
28 66 737 591
28 67 393 419
28 68 178 179
28 69 542 441
28 70 504 516
28 71 478 479
28 72 223 244
28 73 732 737
28 74 258 247
28 75 673 659
28 76 478 528
28 77 444 604
28 78 725 755
28 79 962 684
28 80 140 369
28 81 770 559
28 82 835 749
28 83 807 734
28 84 238 214
28 85 28 226
28 86 284 284
28 87 316 281
28 88 660 756
28 89 528 390
28 90 576 535
28 91 716 664
28 92 124 133
28 93 713 775
28 94 741 754
28 95 922 806
28 96 287 353
28 97 665 466
28 98 55 155
28 99 652 469
29 30 301 402
29 31 563 570
29 32 521 447
29 33 438 580
29 34 349 331
29 35 859 701
29 36 347 256
29 37 871 700
29 38 520 457
29 39 996 872
29 40 871 756
29 41 783 846
29 42 426 464
29 43 55 154
29 44 677 658
29 45 342 483
29 46 642 653
29 47 559 510
29 48 576 670
29 49 994 891
29 50 348 256
29 51 658 677
29 52 321 521
29 53 525 664
29 54 291 502
29 55 617 685
29 56 513 417
29 57 141 253
29 58 725 739
29 59 609 604
29 60 670 581
29 61 594 596
29 62 252 469
29 63 610 511
29 64 952 696
29 65 374 362
29 66 649 454
29 67 999 881
29 68 633 627
29 69 955 916
29 70 501 500
29 71 843 868
29 72 521 458
29 73 310 408
29 74 536 449
29 75 893 644
29 76 195 319
29 77 366 346
29 78 46 267
29 79 211 258
29 80 172 341
29 81 45 54
29 82 767 585
29 83 206 327
29 84 819 655
29 85 572 658
29 86 922 904
29 87 296 474
29 88 707 745
29 89 101 363
29 90 301 392
29 91 236 355
29 92 180 236
29 93 622 642
29 94 343 270
29 95 841 808
29 96 86 128
29 97 723 730
29 98 132 155
29 99 522 513
30 31 944 849
30 32 136 95
30 33 372 402
30 34 943 944
30 35 955 884
30 36 957 872
30 37 874 700
30 38 191 229
30 39 872 820
30 40 99 70
30 41 154 263
30 42 111 113
30 43 252 447
30 44 14 14
30 45 181 186
30 46 276 217
30 47 782 634
30 48 643 715
30 49 671 576
30 50 774 643
30 51 635 667
30 52 234 199
30 53 135 310
30 54 717 634
30 55 144 132
30 56 63 102
30 57 705 549
30 58 515 393
30 59 642 602
30 60 452 430
30 61 370 368
30 62 181 245
30 63 474 573
30 64 958 841
30 65 608 615
30 66 533 609
30 67 359 433
30 68 944 854
30 69 867 845
30 70 450 569
30 71 244 394
30 72 708 662
30 73 91 209
30 74 71 183
30 75 811 816
30 76 773 674
30 77 493 359
30 78 739 806
30 79 150 149
30 80 269 398
30 81 981 774
30 82 317 326
30 83 251 319
30 84 277 244
30 85 368 426
30 86 631 734
30 87 423 376
30 88 877 695
30 89 622 598
30 90 223 366
30 91 985 820
30 92 197 196
30 93 705 552
30 94 194 218
30 95 227 301
30 96 461 619
30 97 423 374
30 98 248 251
30 99 317 515
31 32 663 573
31 33 506 419
31 34 57 270
31 35 510 606
31 36 544 416
31 37 475 344
31 38 248 226
31 39 524 503
31 40 349 540
31 41 677 716
31 42 768 807
31 43 858 695
31 44 174 182
31 45 703 546
31 46 125 120
31 47 358 454
31 48 768 643
31 49 308 463
31 50 498 512
31 51 130 183
31 52 203 194
31 53 570 615
31 54 302 359
31 55 628 699
31 56 67 199
31 57 158 331
31 58 320 241
31 59 533 597
31 60 51 287
31 61 817 755
31 62 504 386
31 63 528 526
31 64 782 567
31 65 990 851
31 66 125 377
31 67 789 827
31 68 838 809
31 69 269 322
31 70 80 205
31 71 203 323
31 72 876 662
31 73 657 590
31 74 515 445
31 75 682 700
31 76 9 283
31 77 512 511
31 78 81 309
31 79 56 335
31 80 624 568
31 81 158 410
31 82 700 496
31 83 906 819
31 84 859 780
31 85 612 534
31 86 833 812
31 87 629 633
31 88 649 536
31 89 142 335
31 90 115 189
31 91 436 315
31 92 654 658
31 93 677 663
31 94 442 346
31 95 351 523
31 96 992 902
31 97 867 762
31 98 585 426
31 99 286 408
32 33 466 543
32 34 986 773
32 35 352 496
32 36 668 669
32 37 880 727
32 38 229 177
32 39 796 769
32 40 142 292
32 41 111 294
32 42 631 735
32 43 405 371
32 44 326 338
32 45 841 735
32 46 469 574
32 47 510 410
32 48 920 813
32 49 211 446
32 50 347 415
32 51 334 496
32 52 42 300
32 53 592 446
32 54 38 197
32 55 806 668
32 56 467 588
32 57 803 645
32 58 498 376
32 59 850 868
32 60 283 435
32 61 468 564
32 62 557 399
32 63 102 146
32 64 429 301
32 65 624 639
32 66 955 766
32 67 664 532
32 68 50 241
32 69 680 637
32 70 198 366
32 71 734 685
32 72 31 233
32 73 899 752
32 74 550 480
32 75 942 863
32 76 766 826
32 77 499 426
32 78 80 73
32 79 529 459
32 80 381 508
32 81 31 105
32 82 432 590
32 83 271 218
32 84 813 784
32 85 202 181
32 86 120 200
32 87 947 680
32 88 655 708
32 89 811 845
32 90 574 595
32 91 787 804
32 92 27 197
32 93 526 439
32 94 271 284
32 95 768 554
32 96 247 435
32 97 428 342
32 98 860 861
32 99 933 891
33 34 403 423
33 35 432 391
33 36 44 39
33 37 900 916
33 38 16 295
33 39 507 579
33 40 278 238
33 41 453 420
33 42 226 297
33 43 705 505
33 44 728 631
33 45 109 108
33 46 422 430
33 47 928 666
33 48 738 646
33 49 883 673
33 50 603 571
33 51 827 802
33 52 661 731
33 53 736 811
33 54 53 156
33 55 854 688
33 56 71 269
33 57 465 358
33 58 940 865
33 59 229 322
33 60 307 433
33 61 603 608
33 62 322 387
33 63 629 619
33 64 632 625
33 65 600 528
33 66 905 912
33 67 132 244
33 68 628 665
33 69 711 571
33 70 428 315
33 71 198 380
33 72 920 864
33 73 908 703
33 74 930 780
33 75 767 576
33 76 70 139
33 77 494 632
33 78 454 446
33 79 546 616
33 80 546 505
33 81 860 761
33 82 622 711
33 83 269 329
33 84 969 746
33 85 379 302
33 86 565 416
33 87 816 609
33 88 275 287
33 89 36 304
33 90 59 42
33 91 63 217
33 92 497 354
33 93 137 155
33 94 38 290
33 95 479 350
33 96 447 499
33 97 381 268
33 98 388 512
33 99 389 390
34 35 495 351
34 36 831 636
34 37 594 540
34 38 617 653
34 39 974 740
34 40 644 603
34 41 847 686
34 42 655 465
34 43 529 579
34 44 462 346
34 45 757 675
34 46 790 799
34 47 151 200
34 48 362 328
34 49 393 311
34 50 817 698
34 51 854 780
34 52 619 453
34 53 659 530
34 54 139 249
34 55 217 310
34 56 133 178
34 57 398 480
34 58 574 645
34 59 537 544
34 60 162 216
34 61 352 348
34 62 60 330
34 63 714 757
34 64 112 199
34 65 35 102
34 66 425 346
34 67 342 380
34 68 634 680
34 69 151 175
34 70 332 401
34 71 106 294
34 72 524 615
34 73 875 673
34 74 276 223
34 75 576 485
34 76 297 357
34 77 666 533
34 78 55 267
34 79 52 118
34 80 11 95
34 81 80 84
34 82 54 234
34 83 208 287
34 84 974 928
34 85 178 205
34 86 640 732
34 87 153 343
34 88 43 224
34 89 859 677
34 90 599 660
34 91 393 466
34 92 64 224
34 93 28 148
34 94 147 281
34 95 568 515
34 96 527 590
34 97 477 505
34 98 714 688
34 99 645 558
35 36 415 321
35 37 581 565
35 38 945 679
35 39 503 440
35 40 313 309
35 41 452 355
35 42 40 230
35 43 498 481
35 44 566 408
35 45 685 622
35 46 977 943
35 47 969 744
35 48 587 651
35 49 343 400
35 50 542 494
35 51 132 340
35 52 329 476
35 53 952 730
35 54 816 577
35 55 765 557
35 56 682 492
35 57 969 875
35 58 285 334
35 59 668 595
35 60 781 641
35 61 844 709
35 62 228 292
35 63 634 604
35 64 572 503
35 65 839 772
35 66 515 370
35 67 929 886
35 68 539 575
35 69 111 294
35 70 993 858
35 71 982 949
35 72 578 558
35 73 563 662
35 74 642 732
35 75 280 445
35 76 659 686
35 77 146 250
35 78 998 780
35 79 222 201
35 80 938 936
35 81 203 180
35 82 81 136
35 83 826 612
35 84 850 762
35 85 505 543
35 86 350 483
35 87 759 605
35 88 338 418
35 89 678 594
35 90 826 649
35 91 450 383
35 92 818 719
35 93 184 139
35 94 477 392
35 95 986 943
35 96 807 575
35 97 6 29
35 98 417 306
35 99 643 732
36 37 887 670
36 38 741 668
36 39 85 333
36 40 482 448
36 41 278 412
36 42 524 648
36 43 414 321
36 44 391 518
36 45 151 347
36 46 255 215
36 47 140 145
36 48 875 621
36 49 788 787
36 50 875 809
36 51 513 558
36 52 226 372
36 53 26 92
36 54 978 822
36 55 619 570
36 56 793 783
36 57 425 563
36 58 548 586
36 59 349 313
36 60 6 90
36 61 243 354
36 62 867 820
36 63 731 747
36 64 35 93
36 65 210 315
36 66 160 319
36 67 530 419
36 68 619 715
36 69 675 645
36 70 13 308
36 71 583 528
36 72 61 284
36 73 558 544
36 74 298 318
36 75 658 464
36 76 799 778
36 77 548 579
36 78 46 319
36 79 83 323
36 80 860 694
36 81 775 811
36 82 950 758
36 83 749 764
36 84 423 530
36 85 993 976
36 86 147 203
36 87 525 610
36 88 17 310
36 89 945 897
36 90 55 176
36 91 462 503
36 92 406 392
36 93 103 124
36 94 90 272
36 95 164 365
36 96 68 280
36 97 844 749
36 98 409 418
36 99 822 749
37 38 642 653
37 39 921 661
37 40 365 266
37 41 458 404
37 42 643 659
37 43 957 699
37 44 679 712
37 45 626 725
37 46 943 856
37 47 106 318
37 48 403 506
37 49 916 877
37 50 481 450
37 51 656 658
37 52 298 269
37 53 503 354
37 54 532 581
37 55 662 637
37 56 86 204
37 57 665 585
37 58 644 455
37 59 12 206
37 60 391 546
37 61 35 305
37 62 483 456
37 63 714 598
37 64 905 726
37 65 863 707
37 66 412 446
37 67 883 802
37 68 538 440
37 69 708 572
37 70 214 228
37 71 898 650
37 72 454 454
37 73 795 685
37 74 540 442
37 75 586 661
37 76 256 299
37 77 926 654
37 78 357 430
37 79 640 729
37 80 107 155
37 81 439 513
37 82 432 503
37 83 901 765
37 84 10 137
37 85 99 285
37 86 345 273
37 87 831 615
37 88 415 434
37 89 786 608
37 90 555 555
37 91 72 343
37 92 160 390
37 93 53 104
37 94 473 574
37 95 371 367
37 96 429 445
37 97 496 515
37 98 423 586
37 99 915 917
38 39 176 170
38 40 884 877
38 41 486 624
38 42 450 392
38 43 869 737
38 44 875 854
38 45 892 741
38 46 847 684
38 47 565 631
38 48 58 210
38 49 325 345
38 50 862 663
38 51 477 621
38 52 135 263
38 53 477 591
38 54 510 489
38 55 323 278
38 56 522 555
38 57 721 803
38 58 464 383
38 59 436 534
38 60 342 499
38 61 725 773
38 62 687 529
38 63 200 267
38 64 762 710
38 65 833 619
38 66 1 157
38 67 354 252
38 68 975 964
38 69 296 476
38 70 664 637
38 71 460 432
38 72 681 725
38 73 101 270
38 74 836 851
38 75 298 286
38 76 922 894
38 77 496 443
38 78 183 284
38 79 871 893
38 80 381 382
38 81 197 262
38 82 322 315
38 83 741 526
38 84 675 472
38 85 613 671
38 86 335 389
38 87 596 703
38 88 835 612
38 89 697 568
38 90 146 247
38 91 593 454
38 92 970 794
38 93 663 703
38 94 750 553
38 95 853 616
38 96 151 402
38 97 190 271
38 98 309 480
38 99 757 635
39 40 337 307
39 41 529 622
39 42 220 300
39 43 388 536
39 44 138 372
39 45 232 370
39 46 626 474
39 47 464 559
39 48 883 798
39 49 163 231
39 50 117 237
39 51 149 153
39 52 463 435
39 53 639 555
39 54 410 587
39 55 655 736
39 56 190 329
39 57 700 712
39 58 722 768
39 59 250 365
39 60 28 233
39 61 25 95
39 62 93 164
39 63 244 441
39 64 780 650
39 65 75 223
39 66 0 46
39 67 527 623
39 68 489 356
39 69 858 607
39 70 374 480
39 71 498 432
39 72 824 686
39 73 507 554
39 74 583 593
39 75 607 658
39 76 661 495
39 77 102 258
39 78 752 683
39 79 809 663
39 80 956 693
39 81 952 668
39 82 310 330
39 83 728 738
39 84 985 792
39 85 587 549
39 86 369 428
39 87 340 431
39 88 970 932
39 89 635 666
39 90 774 752
39 91 272 423
39 92 350 285
39 93 279 342
39 94 515 528
39 95 270 330
39 96 25 205
39 97 40 141
39 98 459 504
39 99 42 201
40 41 448 355
40 42 472 596
40 43 487 466
40 44 470 525
40 45 340 509
40 46 891 820
40 47 62 304
40 48 716 572
40 49 273 392
40 50 996 712
40 51 298 416
40 52 438 432
40 53 612 629
40 54 20 246
40 55 605 434
40 56 325 297
40 57 517 589
40 58 518 453
40 59 696 550
40 60 680 625
40 61 671 578
40 62 878 750
40 63 68 343
40 64 770 749
40 65 652 743
40 66 93 205
40 67 38 111
40 68 655 685
40 69 820 756
40 70 221 271
40 71 667 617
40 72 469 434
40 73 877 822
40 74 343 364
40 75 422 444
40 76 984 906
40 77 349 316
40 78 755 704
40 79 635 519
40 80 340 243
40 81 425 387
40 82 79 162
40 83 75 245
40 84 515 461
40 85 431 386
40 86 414 382
40 87 558 659
40 88 978 914
40 89 84 204
40 90 25 133
40 91 112 141
40 92 356 317
40 93 328 232
40 94 177 160
40 95 469 486
40 96 626 674
40 97 551 633
40 98 386 470
40 99 160 311
41 42 164 368
41 43 143 308
41 44 22 87
41 45 78 341
41 46 496 542
41 47 87 348
41 48 707 622
41 49 850 636
41 50 648 601
41 51 126 120
41 52 589 570
41 53 358 539
41 54 272 200
41 55 140 394
41 56 596 689
41 57 87 146
41 58 504 568
41 59 836 624
41 60 226 276
41 61 296 454
41 62 646 559
41 63 199 278
41 64 996 713
41 65 685 633
41 66 919 774
41 67 551 442
41 68 790 588
41 69 264 221
41 70 75 256
41 71 386 341
41 72 975 915
41 73 599 537
41 74 651 487
41 75 686 533
41 76 671 626
41 77 856 867
41 78 19 67
41 79 820 866
41 80 144 117
41 81 568 418
41 82 942 945
41 83 929 783
41 84 99 157
41 85 116 222
41 86 950 757
41 87 322 497
41 88 804 791
41 89 581 673
41 90 200 278
41 91 963 861
41 92 359 419
41 93 565 556
41 94 204 357
41 95 929 819
41 96 375 318
41 97 630 553
41 98 63 47
41 99 121 165
42 43 296 259
42 44 111 165
42 45 741 668
42 46 77 125
42 47 453 405
42 48 303 227
42 49 395 379
42 50 827 584
42 51 290 242
42 52 471 511
42 53 947 955
42 54 593 451
42 55 236 462
42 56 645 558
42 57 351 341
42 58 904 637
42 59 728 669
42 60 698 716
42 61 407 569
42 62 529 533
42 63 207 225
42 64 549 421
42 65 331 433
42 66 450 393
42 67 960 793
42 68 735 697
42 69 443 607
42 70 758 550
42 71 689 694
42 72 685 757
42 73 297 358
42 74 890 790
42 75 531 520
42 76 947 911
42 77 523 391
42 78 474 484
42 79 649 456
42 80 409 549
42 81 435 538
42 82 265 395
42 83 531 629
42 84 888 631
42 85 811 694
42 86 596 534
42 87 547 674
42 88 443 491
42 89 210 447
42 90 712 780
42 91 822 613
42 92 11 258
42 93 222 309
42 94 105 194
42 95 277 485
42 96 96 275
42 97 575 632
42 98 1 51
42 99 783 660
43 44 630 694
43 45 799 568
43 46 352 326
43 47 377 526
43 48 847 627
43 49 486 441
43 50 503 423
43 51 87 351
43 52 613 640
43 53 148 198
43 54 242 185
43 55 743 744
43 56 906 753
43 57 75 57
43 58 837 602
43 59 939 755
43 60 40 193
43 61 35 118
43 62 425 390
43 63 649 600
43 64 250 326
43 65 120 359
43 66 334 467
43 67 826 789
43 68 250 231
43 69 260 439
43 70 834 674
43 71 209 370
43 72 465 492
43 73 41 53
43 74 130 203
43 75 711 700
43 76 850 807
43 77 623 544
43 78 96 329
43 79 581 477
43 80 535 586
43 81 426 589
43 82 184 234
43 83 705 496
43 84 967 955
43 85 27 240
43 86 667 723
43 87 989 731
43 88 740 653
43 89 147 275
43 90 683 507
43 91 699 558
43 92 142 373
43 93 233 335
43 94 918 674
43 95 586 631
43 96 579 638
43 97 570 437
43 98 611 683
43 99 963 742
44 45 611 660
44 46 718 521
44 47 169 158
44 48 462 481
44 49 739 687
44 50 522 510
44 51 378 471
44 52 617 647
44 53 982 921
44 54 326 240
44 55 315 342
44 56 326 296
44 57 288 368
44 58 848 683
44 59 532 584
44 60 123 186
44 61 902 728
44 62 243 262
44 63 905 862
44 64 109 201
44 65 541 405
44 66 973 895
44 67 435 399
44 68 672 648
44 69 222 343
44 70 767 539
44 71 38 171
44 72 667 501
44 73 543 385
44 74 716 531
44 75 752 571
44 76 869 694
44 77 108 275
44 78 465 619
44 79 658 644
44 80 254 328
44 81 471 412
44 82 758 721
44 83 486 364
44 84 212 394
44 85 763 817
44 86 468 619
44 87 369 404
44 88 763 646
44 89 930 835
44 90 9 86
44 91 89 79
44 92 186 187
44 93 467 432
44 94 451 371
44 95 54 124
44 96 941 662
44 97 900 809
44 98 623 480
44 99 818 581
45 46 311 345
45 47 45 258
45 48 94 72
45 49 747 705
45 50 619 730
45 51 949 884
45 52 617 451
45 53 175 339
45 54 972 722
45 55 551 468
45 56 937 753
45 57 469 377
45 58 632 482
45 59 414 527
45 60 681 667
45 61 70 61
45 62 598 457
45 63 397 540
45 64 810 724
45 65 442 356
45 66 222 346
45 67 330 466
45 68 474 440
45 69 993 707
45 70 864 828
45 71 821 642
45 72 761 630
45 73 881 739
45 74 119 317
45 75 224 171
45 76 585 616
45 77 890 863
45 78 383 471
45 79 669 576
45 80 797 814
45 81 159 197
45 82 109 152
45 83 150 179
45 84 192 359
45 85 208 340
45 86 957 770
45 87 436 562
45 88 844 687
45 89 931 716
45 90 204 353
45 91 370 409
45 92 154 383
45 93 424 481
45 94 688 590
45 95 94 234
45 96 172 265
45 97 667 726
45 98 895 742
45 99 382 479
46 47 4 203
46 48 100 78
46 49 11 278
46 50 762 665
46 51 920 862
46 52 596 626
46 53 643 668
46 54 644 488
46 55 108 154
46 56 945 779
46 57 138 276
46 58 785 698
46 59 137 177
46 60 280 452
46 61 76 60
46 62 842 689
46 63 105 125
46 64 915 654
46 65 778 828
46 66 54 225
46 67 929 865
46 68 985 892
46 69 295 263
46 70 888 786
46 71 218 335
46 72 946 775
46 73 474 385
46 74 54 155
46 75 594 642
46 76 757 822
46 77 590 446
46 78 902 655
46 79 173 402
46 80 115 98
46 81 395 543
46 82 599 521
46 83 274 357
46 84 2 199
46 85 508 611
46 86 839 608
46 87 63 253
46 88 932 781
46 89 433 385
46 90 711 797
46 91 781 830
46 92 59 204
46 93 203 180
46 94 725 745
46 95 101 93
46 96 398 447
46 97 355 338
46 98 441 603
46 99 91 340
47 48 174 223
47 49 733 549
47 50 998 815
47 51 365 437
47 52 153 266
47 53 948 732
47 54 365 535
47 55 398 445
47 56 271 487
47 57 310 432
47 58 130 115
47 59 186 174
47 60 745 720
47 61 748 765
47 62 562 689
47 63 963 738
47 64 994 963
47 65 968 882
47 66 2 195
47 67 531 468
47 68 949 955
47 69 236 409
47 70 729 746
47 71 21 205
47 72 868 643
47 73 592 619
47 74 153 196
47 75 179 421
47 76 73 214
47 77 838 656
47 78 310 220
47 79 602 545
47 80 440 385
47 81 205 254
47 82 317 297
47 83 852 774
47 84 848 876
47 85 280 207
47 86 610 578
47 87 177 417
47 88 561 591
47 89 270 321
47 90 529 652
47 91 884 697
47 92 362 387
47 93 468 351
47 94 542 450
47 95 282 308
47 96 620 511
47 97 158 252
47 98 71 132
47 99 12 180
48 49 113 212
48 50 610 567
48 51 255 361
48 52 788 628
48 53 648 546
48 54 282 494
48 55 180 127
48 56 223 350
48 57 529 526
48 58 336 279
48 59 350 281
48 60 919 733
48 61 796 701
48 62 482 453
48 63 332 442
48 64 238 341
48 65 582 701
48 66 926 877
48 67 835 724
48 68 640 521
48 69 552 427
48 70 902 854
48 71 176 252
48 72 592 634
48 73 810 575
48 74 89 318
48 75 602 440
48 76 933 736
48 77 651 634
48 78 903 925
48 79 259 470
48 80 325 353
48 81 157 256
48 82 516 636
48 83 383 519
48 84 44 200
48 85 353 333
48 86 623 546
48 87 736 545
48 88 121 148
48 89 870 719
48 90 448 508
48 91 805 819
48 92 152 126
48 93 590 617
48 94 408 429
48 95 705 792
48 96 435 589
48 97 830 739
48 98 894 702
48 99 253 419
49 50 909 651
49 51 743 527
49 52 307 273
49 53 95 208
49 54 820 835
49 55 276 281
49 56 511 593
49 57 366 441
49 58 946 808
49 59 320 226
49 60 724 698
49 61 968 936
49 62 849 827
49 63 13 118
49 64 952 758
49 65 468 394
49 66 286 394
49 67 131 234
49 68 32 81
49 69 94 355
49 70 631 458
49 71 369 527
49 72 602 637
49 73 766 694
49 74 520 543
49 75 490 378
49 76 943 867
49 77 953 905
49 78 979 977
49 79 753 752
49 80 109 305
49 81 247 241
49 82 750 789
49 83 206 395
49 84 609 471
49 85 438 408
49 86 917 843
49 87 129 137
49 88 623 708
49 89 275 257
49 90 290 353
49 91 797 801
49 92 787 834
49 93 858 768
49 94 484 599
49 95 233 203
49 96 574 622
49 97 228 453
49 98 906 805
49 99 982 971
50 51 47 322
50 52 174 374
50 53 166 290
50 54 337 519
50 55 309 283
50 56 35 311
50 57 984 713
50 58 636 503
50 59 457 349
50 60 375 313
50 61 653 492
50 62 428 590
50 63 313 410
50 64 153 392
50 65 959 958
50 66 103 220
50 67 812 831
50 68 679 538
50 69 303 450
50 70 963 881
50 71 162 342
50 72 568 486
50 73 107 111
50 74 670 491
50 75 390 329
50 76 579 436
50 77 551 518
50 78 542 577
50 79 788 645
50 80 948 861
50 81 944 716
50 82 85 170
50 83 816 684
50 84 86 201
50 85 723 737
50 86 258 364
50 87 987 854
50 88 722 651
50 89 158 172
50 90 893 873
50 91 410 418
50 92 25 95
50 93 742 804
50 94 775 634
50 95 873 617
50 96 309 479
50 97 453 609
50 98 917 783
50 99 637 508
51 52 164 159
51 53 854 607
51 54 865 675
51 55 658 735
51 56 351 383
51 57 628 617
51 58 973 745
51 59 237 239
51 60 889 914
51 61 16 45
51 62 808 738
51 63 439 325
51 64 465 514
51 65 587 478
51 66 692 775
51 67 68 53
51 68 222 360
51 69 594 563
51 70 500 484
51 71 84 144
51 72 235 362
51 73 472 414
51 74 861 775
51 75 167 405
51 76 442 476
51 77 118 113
51 78 777 662
51 79 823 585
51 80 528 579
51 81 876 719
51 82 660 485
51 83 591 592
51 84 648 595
51 85 989 908
51 86 794 832
51 87 138 319
51 88 820 749
51 89 376 527
51 90 429 370
51 91 955 964
51 92 300 226
51 93 356 345
51 94 706 750
51 95 972 849
51 96 73 219
51 97 729 705
51 98 243 354
51 99 637 532
52 53 699 645
52 54 938 921
52 55 212 253
52 56 50 163
52 57 124 322
52 58 898 865
52 59 721 641
52 60 225 209
52 61 903 679
52 62 513 536
52 63 831 586
52 64 806 660
52 65 389 490
52 66 617 608
52 67 590 620
52 68 556 610
52 69 816 854
52 70 892 724
52 71 491 573
52 72 618 644
52 73 41 301
52 74 520 611
52 75 430 550
52 76 432 590
52 77 448 365
52 78 588 438
52 79 861 850
52 80 942 881
52 81 887 683
52 82 451 603
52 83 379 288
52 84 832 743
52 85 553 488
52 86 684 625
52 87 292 365
52 88 477 456
52 89 611 567
52 90 445 327
52 91 525 540
52 92 838 837
52 93 343 421
52 94 704 634
52 95 868 617
52 96 734 612
52 97 376 297
52 98 488 557
52 99 591 434
53 54 225 161
53 55 852 832
53 56 383 483
53 57 854 725
53 58 241 298
53 59 814 742
53 60 971 873
53 61 488 402
53 62 780 552
53 63 585 675
53 64 437 474
53 65 25 107
53 66 485 355
53 67 705 548
53 68 495 624
53 69 696 679
53 70 633 629
53 71 576 633
53 72 468 570
53 73 303 356
53 74 604 541
53 75 384 378
53 76 761 742
53 77 819 671
53 78 333 478
53 79 507 491
53 80 42 61
53 81 16 183
53 82 409 582
53 83 330 517
53 84 640 506
53 85 712 512
53 86 358 506
53 87 473 358
53 88 342 421
53 89 188 253
53 90 546 504
53 91 436 400
53 92 403 432
53 93 411 545
53 94 660 548
53 95 486 396
53 96 321 279
53 97 604 615
53 98 160 357
53 99 796 570
54 55 453 561
54 56 890 763
54 57 38 196
54 58 578 592
54 59 821 731
54 60 395 310
54 61 649 693
54 62 678 561
54 63 674 696
54 64 983 694
54 65 504 644
54 66 658 541
54 67 682 502
54 68 891 731
54 69 194 406
54 70 974 932
54 71 846 774
54 72 393 285
54 73 988 744
54 74 7 254
54 75 671 599
54 76 462 335
54 77 549 512
54 78 278 425
54 79 497 570
54 80 602 583
54 81 165 287
54 82 192 381
54 83 491 389
54 84 596 548
54 85 472 459
54 86 596 453
54 87 459 573
54 88 30 31
54 89 563 419
54 90 919 655
54 91 970 900
54 92 597 623
54 93 293 441
54 94 300 336
54 95 760 762
54 96 374 455
54 97 692 709
54 98 825 623
54 99 117 306
55 56 788 571
55 57 346 313
55 58 4 108
55 59 809 617
55 60 499 510
55 61 577 521
55 62 626 488
55 63 721 645
55 64 487 448
55 65 388 387
55 66 85 239
55 67 984 803
55 68 146 169
55 69 310 465
55 70 653 651
55 71 198 350
55 72 262 215
55 73 808 785
55 74 983 860
55 75 635 588
55 76 639 699
55 77 863 857
55 78 839 594
55 79 407 471
55 80 414 509
55 81 297 395
55 82 50 216
55 83 911 821
55 84 998 954
55 85 47 199
55 86 710 607
55 87 201 282
55 88 827 841
55 89 685 742
55 90 41 283
55 91 785 611
55 92 624 667
55 93 272 285
55 94 487 351
55 95 612 644
55 96 463 436
55 97 665 634
55 98 996 826
55 99 669 556
56 57 974 896
56 58 246 258
56 59 24 61
56 60 837 777
56 61 836 596
56 62 947 727
56 63 259 418
56 64 485 372
56 65 689 768
56 66 998 890
56 67 519 454
56 68 75 330
56 69 114 257
56 70 681 756
56 71 121 182
56 72 319 223
56 73 84 212
56 74 255 324
56 75 999 859
56 76 640 623
56 77 108 360
56 78 891 752
56 79 533 529
56 80 580 452
56 81 612 533
56 82 585 633
56 83 262 384
56 84 595 433
56 85 156 124
56 86 643 610
56 87 142 247
56 88 394 313
56 89 561 463
56 90 176 345
56 91 106 272
56 92 219 376
56 93 154 297
56 94 887 750
56 95 682 621
56 96 997 912
56 97 929 661
56 98 14 235
56 99 617 620
57 58 639 742
57 59 627 646
57 60 846 657
57 61 705 731
57 62 841 868
57 63 715 721
57 64 856 681
57 65 947 674
57 66 829 647
57 67 845 768
57 68 817 850
57 69 150 211
57 70 226 257
57 71 52 92
57 72 800 815
57 73 118 317
57 74 192 229
57 75 428 373
57 76 712 594
57 77 787 815
57 78 52 36
57 79 618 709
57 80 239 459
57 81 247 410
57 82 861 771
57 83 18 125
57 84 875 624
57 85 960 834
57 86 789 718
57 87 776 583
57 88 755 818
57 89 787 551
57 90 310 453
57 91 48 194
57 92 286 346
57 93 966 780
57 94 972 736
57 95 482 474
57 96 662 479
57 97 349 542
57 98 398 337
57 99 36 184
58 59 116 214
58 60 982 943
58 61 525 401
58 62 51 330
58 63 330 266
58 64 261 446
58 65 639 612
58 66 954 718
58 67 492 547
58 68 288 299
58 69 963 770
58 70 337 484
58 71 533 402
58 72 25 207
58 73 676 624
58 74 877 864
58 75 639 543
58 76 776 726
58 77 13 272
58 78 279 214
58 79 38 191
58 80 848 870
58 81 508 526
58 82 776 618
58 83 776 768
58 84 111 89
58 85 8 116
58 86 67 206
58 87 23 304
58 88 659 666
58 89 838 789
58 90 743 717
58 91 716 516
58 92 129 353
58 93 197 155
58 94 802 687
58 95 567 469
58 96 192 158
58 97 686 652
58 98 487 387
58 99 329 389
59 60 115 107
59 61 325 407
59 62 568 634
59 63 554 541
59 64 585 476
59 65 853 692
59 66 223 325
59 67 363 287
59 68 144 369
59 69 406 371
59 70 551 453
59 71 243 413
59 72 130 248
59 73 707 692
59 74 472 585
59 75 410 426
59 76 46 327
59 77 851 629
59 78 915 728
59 79 888 702
59 80 429 377
59 81 364 383
59 82 550 623
59 83 264 355
59 84 72 134
59 85 843 650
59 86 574 486
59 87 514 541
59 88 943 745
59 89 915 781
59 90 536 432
59 91 313 412
59 92 857 641
59 93 679 723
59 94 139 240
59 95 382 497
59 96 92 302
59 97 589 417
59 98 830 808
59 99 559 485
60 61 310 283
60 62 64 183
60 63 752 590
60 64 906 765
60 65 151 184
60 66 800 594
60 67 913 641
60 68 724 582
60 69 161 397
60 70 466 599
60 71 518 611
60 72 484 513
60 73 387 442
60 74 995 917
60 75 532 452
60 76 184 259
60 77 460 554
60 78 658 730
60 79 30 166
60 80 851 636
60 81 728 614
60 82 950 808
60 83 947 916
60 84 47 46
60 85 214 287
60 86 566 573
60 87 375 492
60 88 211 366
60 89 445 313
60 90 975 684
60 91 33 289
60 92 439 447
60 93 408 309
60 94 82 191
60 95 512 533
60 96 209 179
60 97 505 401
60 98 114 82
60 99 462 405
61 62 932 726
61 63 17 257
61 64 189 346
61 65 399 327
61 66 707 753
61 67 535 518
61 68 22 168
61 69 439 586
61 70 587 523
61 71 91 336
61 72 671 646
61 73 232 441
61 74 583 580
61 75 590 508
61 76 844 820
61 77 84 128
61 78 196 303
61 79 214 281
61 80 599 496
61 81 920 740
61 82 664 737
61 83 260 331
61 84 103 339
61 85 995 834
61 86 861 773
61 87 528 652
61 88 357 302
61 89 931 913
61 90 835 684
61 91 911 896
61 92 194 402
61 93 338 535
61 94 290 354
61 95 702 732
61 96 862 867
61 97 781 658
61 98 335 357
61 99 152 239
62 63 191 385
62 64 783 646
62 65 609 630
62 66 92 275
62 67 41 259
62 68 945 905
62 69 160 250
62 70 37 122
62 71 385 345
62 72 512 463
62 73 442 600
62 74 617 670
62 75 265 417
62 76 691 757
62 77 593 622
62 78 582 589
62 79 717 517
62 80 111 95
62 81 257 296
62 82 444 489
62 83 885 912
62 84 628 732
62 85 262 218
62 86 176 396
62 87 743 567
62 88 403 302
62 89 295 289
62 90 530 570
62 91 534 504
62 92 584 493
62 93 124 230
62 94 353 295
62 95 215 343
62 96 365 429
62 97 474 347
62 98 513 540
62 99 877 863
63 64 136 102
63 65 227 241
63 66 902 842
63 67 541 594
63 68 285 334
63 69 682 533
63 70 457 386
63 71 355 465
63 72 53 71
63 73 881 843
63 74 969 753
63 75 718 652
63 76 187 286
63 77 876 882
63 78 167 155
63 79 208 274
63 80 183 398
63 81 185 137
63 82 583 605
63 83 386 353
63 84 918 702
63 85 274 443
63 86 55 311
63 87 426 560
63 88 766 836
63 89 432 367
63 90 862 696
63 91 683 726
63 92 853 807
63 93 372 338
63 94 658 500
63 95 952 878
63 96 157 405
63 97 173 281
63 98 209 446
63 99 999 729
64 65 907 884
64 66 180 355
64 67 481 504
64 68 403 341
64 69 598 550
64 70 543 430
64 71 513 381
64 72 936 885
64 73 731 524
64 74 541 673
64 75 170 239
64 76 841 686
64 77 155 197
64 78 744 799
64 79 956 968
64 80 364 369
64 81 541 445
64 82 165 368
64 83 174 342
64 84 394 387
64 85 153 163
64 86 910 704
64 87 568 680
64 88 136 231
64 89 189 196
64 90 577 565
64 91 853 707
64 92 413 482
64 93 988 943
64 94 397 556
64 95 9 131
64 96 554 401
64 97 129 239
64 98 482 426
64 99 117 299
65 66 834 715
65 67 634 571
65 68 348 464
65 69 376 430
65 70 468 533
65 71 807 743
65 72 51 153
65 73 315 404
65 74 382 515
65 75 281 362
65 76 537 597
65 77 150 291
65 78 248 441
65 79 684 545
65 80 673 485
65 81 519 365
65 82 989 868
65 83 84 346
65 84 934 943
65 85 534 659
65 86 72 125
65 87 835 705
65 88 84 199
65 89 332 253
65 90 723 674
65 91 182 271
65 92 200 292
65 93 107 123
65 94 449 473
65 95 139 125
65 96 934 922
65 97 884 670
65 98 577 540
65 99 389 498
66 67 107 189
66 68 23 194
66 69 676 660
66 70 320 265
66 71 552 648
66 72 875 840
66 73 768 583
66 74 951 760
66 75 755 782
66 76 401 493
66 77 574 535
66 78 287 220
66 79 429 520
66 80 573 657
66 81 957 959
66 82 185 388
66 83 322 376
66 84 892 917
66 85 323 472
66 86 792 756
66 87 906 740
66 88 736 590
66 89 934 717
66 90 378 321
66 91 521 577
66 92 661 521
66 93 455 434
66 94 877 719
66 95 357 321
66 96 391 392
66 97 272 208
66 98 150 197
66 99 18 202
67 68 58 225
67 69 345 266
67 70 201 272
67 71 339 348
67 72 542 547
67 73 434 347
67 74 708 724
67 75 908 792
67 76 782 664
67 77 914 909
67 78 981 868
67 79 58 325
67 80 717 526
67 81 782 742
67 82 329 264
67 83 738 528
67 84 120 293
67 85 838 606
67 86 506 532
67 87 72 203
67 88 514 364
67 89 709 643
67 90 22 84
67 91 335 237
67 92 845 747
67 93 79 154
67 94 656 693
67 95 669 677
67 96 769 753
67 97 176 206
67 98 914 885
67 99 641 536
68 69 931 667
68 70 887 906
68 71 634 670
68 72 491 375
68 73 373 273
68 74 786 805
68 75 65 181
68 76 418 318
68 77 928 782
68 78 112 161
68 79 624 563
68 80 792 650
68 81 112 115
68 82 487 605
68 83 356 501
68 84 65 149
68 85 45 103
68 86 75 308
68 87 942 715
68 88 998 855
68 89 599 697
68 90 123 197
68 91 305 257
68 92 389 412
68 93 209 269
68 94 218 385
68 95 942 871
68 96 373 541
68 97 669 511
68 98 233 354
68 99 458 588
69 70 251 314
69 71 695 507
69 72 211 276
69 73 386 473
69 74 993 909
69 75 636 608
69 76 293 238
69 77 751 817
69 78 628 684
69 79 213 355
69 80 556 584
69 81 196 376
69 82 188 260
69 83 182 240
69 84 75 224
69 85 752 718
69 86 633 648
69 87 118 225
69 88 404 540
69 89 975 977
69 90 131 146
69 91 261 385
69 92 433 467
69 93 986 729
69 94 2 114
69 95 876 889
69 96 963 785
69 97 967 921
69 98 968 700
69 99 827 663
70 71 555 416
70 72 300 243
70 73 549 458
70 74 380 450
70 75 415 581
70 76 200 326
70 77 138 159
70 78 2 112
70 79 462 522
70 80 987 985
70 81 759 676
70 82 182 342
70 83 573 472
70 84 25 164
70 85 478 580
70 86 51 145
70 87 557 616
70 88 505 548
70 89 454 530
70 90 90 126
70 91 711 529
70 92 920 859
70 93 455 601
70 94 789 621
70 95 373 494
70 96 687 550
70 97 733 668
70 98 409 487
70 99 824 631
71 72 955 709
71 73 320 371
71 74 450 586
71 75 91 265
71 76 618 706
71 77 210 319
71 78 178 211
71 79 744 676
71 80 536 630
71 81 691 620
71 82 329 367
71 83 569 627
71 84 322 375
71 85 478 609
71 86 391 454
71 87 761 673
71 88 104 361
71 89 16 210
71 90 83 350
71 91 84 111
71 92 440 580
71 93 813 684
71 94 943 817
71 95 238 218
71 96 909 722
71 97 252 343
71 98 716 780
71 99 955 809
72 73 355 455
72 74 108 194
72 75 917 918
72 76 861 775
72 77 895 911
72 78 307 293
72 79 575 436
72 80 101 84
72 81 608 470
72 82 904 712
72 83 618 648
72 84 399 451
72 85 188 358
72 86 238 372
72 87 888 669
72 88 536 381
72 89 497 376
72 90 627 574
72 91 998 824
72 92 611 488
72 93 597 613
72 94 18 247
72 95 59 102
72 96 653 720
72 97 836 708
72 98 862 810
72 99 950 743
73 74 949 872
73 75 380 295
73 76 666 691
73 77 153 358
73 78 88 335
73 79 796 633
73 80 223 436
73 81 182 291
73 82 455 551
73 83 754 628
73 84 132 268
73 85 345 487
73 86 34 314
73 87 529 551
73 88 438 402
73 89 520 493
73 90 727 699
73 91 539 420
73 92 205 163
73 93 432 493
73 94 571 633
73 95 550 442
73 96 136 368
73 97 609 648
73 98 781 629
73 99 390 366
74 75 523 632
74 76 852 605
74 77 163 344
74 78 465 329
74 79 598 552
74 80 522 474
74 81 855 655
74 82 748 641
74 83 135 147
74 84 853 835
74 85 853 825
74 86 585 707
74 87 8 69
74 88 810 576
74 89 340 461
74 90 973 768
74 91 728 681
74 92 127 262
74 93 176 286
74 94 889 866
74 95 469 439
74 96 366 261
74 97 739 613
74 98 990 838
74 99 602 647
75 76 934 694
75 77 916 737
75 78 499 480
75 79 196 153
75 80 202 170
75 81 272 200
75 82 93 74
75 83 645 607
75 84 658 548
75 85 253 421
75 86 572 522
75 87 17 264
75 88 80 268
75 89 299 340
75 90 76 184
75 91 241 306
75 92 385 437
75 93 268 339
75 94 95 94
75 95 858 792
75 96 102 324
75 97 974 759
75 98 542 535
75 99 994 815
76 77 701 699
76 78 503 609
76 79 50 113
76 80 141 112
76 81 29 257
76 82 260 209
76 83 198 185
76 84 282 221
76 85 973 929
76 86 292 465
76 87 550 650
76 88 483 559
76 89 410 463
76 90 271 272
76 91 252 385
76 92 440 560
76 93 985 950
76 94 492 444
76 95 559 405
76 96 724 528
76 97 138 201
76 98 23 138
76 99 476 382
77 78 357 493
77 79 369 371
77 80 650 523
77 81 44 96
77 82 23 234
77 83 357 268
77 84 131 219
77 85 941 706
77 86 379 509
77 87 244 287
77 88 702 590
77 89 488 526
77 90 220 337
77 91 111 264
77 92 239 236
77 93 328 281
77 94 333 447
77 95 900 881
77 96 123 381
77 97 687 610
77 98 264 227
77 99 784 731
78 79 804 723
78 80 183 379
78 81 139 357
78 82 947 883
78 83 173 329
78 84 893 734
78 85 934 735
78 86 15 94
78 87 207 383
78 88 862 864
78 89 522 565
78 90 511 590
78 91 656 641
78 92 578 643
78 93 829 768
78 94 813 614
78 95 527 546
78 96 73 186
78 97 227 167
78 98 767 809
78 99 746 548
79 80 17 201
79 81 148 127
79 82 793 586
79 83 927 734
79 84 747 819
79 85 617 493
79 86 649 632
79 87 646 720
79 88 458 501
79 89 357 318
79 90 132 216
79 91 56 138
79 92 110 298
79 93 648 586
79 94 985 771
79 95 293 263
79 96 672 551
79 97 692 570
79 98 657 601
79 99 177 415
80 81 564 622
80 82 124 367
80 83 474 453
80 84 615 516
80 85 740 673
80 86 370 343
80 87 936 705
80 88 537 532
80 89 859 853
80 90 286 265
80 91 881 788
80 92 458 348
80 93 198 283
80 94 618 462
80 95 863 794
80 96 754 576
80 97 6 242
80 98 43 215
80 99 807 755
81 82 201 155
81 83 86 90
81 84 697 513
81 85 158 236
81 86 820 773
81 87 378 540
81 88 46 102
81 89 892 877
81 90 93 196
81 91 425 352
81 92 305 309
81 93 152 152
81 94 424 361
81 95 223 213
81 96 395 489
81 97 421 497
81 98 496 548
81 99 119 132
82 83 961 731
82 84 77 90
82 85 588 538
82 86 130 196
82 87 729 635
82 88 772 593
82 89 952 880
82 90 341 363
82 91 188 159
82 92 25 113
82 93 472 464
82 94 777 585
82 95 817 709
82 96 67 223
82 97 922 708
82 98 179 307
82 99 925 696
83 84 218 264
83 85 800 726
83 86 684 482
83 87 895 638
83 88 831 728
83 89 843 764
83 90 7 135
83 91 832 682
83 92 363 541
83 93 883 781
83 94 737 691
83 95 528 537
83 96 671 662
83 97 345 244
83 98 902 786
83 99 127 157
84 85 491 357
84 86 643 643
84 87 137 320
84 88 706 627
84 89 295 352
84 90 628 570
84 91 37 162
84 92 753 606
84 93 330 247
84 94 294 299
84 95 991 902
84 96 723 624
84 97 339 367
84 98 928 751
84 99 329 424
85 86 82 129
85 87 232 308
85 88 553 417
85 89 455 328
85 90 748 738
85 91 524 541
85 92 17 162
85 93 547 495
85 94 3 241
85 95 254 451
85 96 550 512
85 97 699 626
85 98 720 641
85 99 779 837
86 87 940 850
86 88 142 314
86 89 134 102
86 90 759 675
86 91 263 257
86 92 459 409
86 93 140 277
86 94 112 178
86 95 433 473
86 96 600 533
86 97 71 153
86 98 47 80
86 99 632 544
87 88 690 540
87 89 440 339
87 90 671 625
87 91 748 597
87 92 228 373
87 93 190 274
87 94 55 147
87 95 571 529
87 96 739 787
87 97 256 413
87 98 796 666
87 99 927 687
88 89 157 300
88 90 507 584
88 91 98 335
88 92 552 585
88 93 494 461
88 94 90 331
88 95 121 194
88 96 793 809
88 97 518 614
88 98 212 300
88 99 633 449
89 90 712 775
89 91 153 149
89 92 794 790
89 93 431 506
89 94 447 599
89 95 808 610
89 96 341 349
89 97 872 803
89 98 409 440
89 99 36 266
90 91 955 755
90 92 344 312
90 93 846 785
90 94 527 466
90 95 303 278
90 96 672 548
90 97 27 220
90 98 848 620
90 99 133 383
91 92 245 460
91 93 930 683
91 94 367 289
91 95 581 491
91 96 89 105
91 97 518 651
91 98 700 730
91 99 266 227
92 93 637 740
92 94 256 296
92 95 875 851
92 96 574 552
92 97 425 355
92 98 984 754
92 99 65 126
93 94 218 443
93 95 991 780
93 96 547 609
93 97 781 591
93 98 283 326
93 99 147 317
94 95 351 321
94 96 337 381
94 97 492 366
94 98 621 583
94 99 897 832
95 96 12 301
95 97 195 405
95 98 928 728
95 99 597 610
96 97 656 612
96 98 567 452
96 99 998 712
97 98 14 291
97 99 813 718
98 99 535 485
