47
0 1 599 471
0 2 382 354
0 3 723 645
0 4 833 620
0 5 44 713
0 6 49 612
0 7 747 389
0 8 369 374
0 9 686 247
0 10 748 313
0 11 461 216
0 12 514 254
0 13 741 683
0 14 826 520
0 15 186 179
0 16 678 492
0 17 328 523
0 18 825 675
0 19 552 660
0 20 911 445
0 21 622 262
0 22 695 665
0 23 517 800
0 24 989 417
0 25 300 169
0 26 290 455
0 27 759 483
0 28 714 331
0 29 127 591
0 30 174 319
0 31 909 325
0 32 752 762
0 33 678 517
0 34 374 581
0 35 359 211
0 36 750 522
0 37 191 138
0 38 825 314
0 39 636 857
0 40 850 896
0 41 51 223
0 42 108 549
0 43 214 442
0 44 583 476
0 45 152 523
0 46 611 848
0 47 141 128
0 48 69 623
0 49 680 538
0 50 988 796
0 51 303 252
0 52 283 277
0 53 812 752
0 54 736 519
0 55 403 456
0 56 883 546
0 57 216 641
0 58 409 500
0 59 603 224
0 60 90 186
0 61 304 457
0 62 395 713
0 63 795 682
0 64 474 799
0 65 693 364
0 66 880 876
0 67 537 783
0 68 521 494
0 69 8 30
0 70 518 523
0 71 729 645
0 72 584 275
0 73 961 779
0 74 110 566
0 75 550 487
0 76 749 696
0 77 749 253
0 78 998 331
0 79 974 755
0 80 230 404
0 81 35 159
0 82 642 847
0 83 421 606
0 84 127 433
0 85 767 743
0 86 285 179
0 87 931 349
0 88 376 578
0 89 135 706
0 90 667 211
0 91 377 135
0 92 163 726
0 93 632 822
0 94 885 433
0 95 583 203
0 96 655 735
0 97 602 238
0 98 767 811
0 99 369 210
1 2 810 582
1 3 593 361
1 4 411 556
1 5 407 786
1 6 736 287
1 7 85 439
1 8 566 463
1 9 39 61
1 10 254 268
1 11 484 192
1 12 304 786
1 13 178 394
1 14 886 553
1 15 981 705
1 16 454 616
1 17 383 403
1 18 181 643
1 19 781 307
1 20 765 878
1 21 490 326
1 22 46 681
1 23 705 829
1 24 116 433
1 25 607 836
1 26 21 426
1 27 248 296
1 28 87 99
1 29 619 792
1 30 7 421
1 31 243 711
1 32 404 754
1 33 439 624
1 34 529 265
1 35 628 787
1 36 510 400
1 37 624 570
1 38 297 525
1 39 19 671
1 40 700 366
1 41 420 192
1 42 741 261
1 43 934 457
1 44 343 144
1 45 353 614
1 46 849 817
1 47 76 137
1 48 668 811
1 49 468 202
1 50 422 705
1 51 197 233
1 52 548 452
1 53 606 789
1 54 427 423
1 55 351 645
1 56 437 625
1 57 162 236
1 58 250 119
1 59 819 613
1 60 477 409
1 61 560 657
1 62 258 392
1 63 710 808
1 64 624 189
1 65 831 490
1 66 800 926
1 67 322 427
1 68 948 800
1 69 317 658
1 70 716 850
1 71 774 284
1 72 104 517
1 73 366 563
1 74 700 608
1 75 701 750
1 76 170 131
1 77 306 540
1 78 423 818
1 79 296 470
1 80 58 602
1 81 289 661
1 82 680 614
1 83 783 856
1 84 921 895
1 85 127 454
1 86 242 272
1 87 236 538
1 88 305 172
1 89 102 605
1 90 888 903
1 91 208 268
1 92 594 532
1 93 389 650
1 94 729 331
1 95 800 554
1 96 539 443
1 97 869 952
1 98 829 488
1 99 784 307
2 3 902 894
2 4 796 926
2 5 175 155
2 6 341 506
2 7 677 704
2 8 837 442
2 9 979 420
2 10 336 692
2 11 341 112
2 12 996 968
2 13 731 282
2 14 970 679
2 15 219 100
2 16 394 378
2 17 8 588
2 18 584 275
2 19 282 192
2 20 386 163
2 21 388 501
2 22 843 548
2 23 815 909
2 24 305 276
2 25 224 262
2 26 204 457
2 27 437 199
2 28 160 577
2 29 593 622
2 30 456 449
2 31 755 446
2 32 14 598
2 33 894 639
2 34 54 536
2 35 317 246
2 36 72 394
2 37 894 642
2 38 898 697
2 39 660 734
2 40 491 805
2 41 759 314
2 42 643 382
2 43 688 307
2 44 820 646
2 45 107 569
2 46 390 248
2 47 513 168
2 48 89 85
2 49 766 888
2 50 257 522
2 51 509 564
2 52 110 479
2 53 659 321
2 54 909 284
2 55 158 633
2 56 411 171
2 57 363 507
2 58 217 478
2 59 681 774
2 60 852 570
2 61 495 230
2 62 544 762
2 63 850 604
2 64 840 480
2 65 223 421
2 66 655 836
2 67 785 358
2 68 110 255
2 69 339 202
2 70 17 346
2 71 246 205
2 72 586 614
2 73 180 353
2 74 170 407
2 75 399 818
2 76 221 241
2 77 345 176
2 78 604 257
2 79 111 575
2 80 105 143
2 81 330 650
2 82 12 322
2 83 889 504
2 84 462 189
2 85 614 363
2 86 646 487
2 87 676 794
2 88 984 663
2 89 330 121
2 90 520 844
2 91 523 745
2 92 513 698
2 93 58 551
2 94 944 789
2 95 958 868
2 96 722 498
2 97 387 499
2 98 184 59
2 99 647 756
3 4 862 262
3 5 11 622
3 6 769 456
3 7 744 591
3 8 176 134
3 9 317 122
3 10 234 158
3 11 372 241
3 12 944 391
3 13 145 435
3 14 325 746
3 15 653 269
3 16 643 489
3 17 383 178
3 18 920 426
3 19 206 342
3 20 818 303
3 21 782 833
3 22 705 632
3 23 667 375
3 24 215 418
3 25 2 574
3 26 571 750
3 27 109 379
3 28 683 699
3 29 915 418
3 30 767 445
3 31 961 895
3 32 650 206
3 33 830 504
3 34 466 241
3 35 211 237
3 36 793 865
3 37 703 500
3 38 676 469
3 39 293 292
3 40 681 320
3 41 462 329
3 42 709 300
3 43 7 542
3 44 136 467
3 45 81 53
3 46 220 123
3 47 603 311
3 48 664 521
3 49 897 318
3 50 396 203
3 51 694 678
3 52 330 245
3 53 26 386
3 54 436 654
3 55 479 478
3 56 34 486
3 57 904 760
3 58 730 339
3 59 693 270
3 60 606 642
3 61 167 449
3 62 911 373
3 63 800 821
3 64 933 386
3 65 173 180
3 66 236 766
3 67 637 367
3 68 713 563
3 69 509 351
3 70 934 435
3 71 407 221
3 72 673 888
3 73 442 485
3 74 730 637
3 75 373 633
3 76 218 577
3 77 320 118
3 78 377 341
3 79 250 103
3 80 642 466
3 81 434 636
3 82 360 659
3 83 969 889
3 84 320 306
3 85 136 628
3 86 808 841
3 87 932 597
3 88 460 240
3 89 749 372
3 90 556 842
3 91 815 838
3 92 373 232
3 93 139 114
3 94 642 366
3 95 697 386
3 96 496 204
3 97 974 895
3 98 147 88
3 99 318 139
4 5 591 388
4 6 328 156
4 7 967 690
4 8 78 230
4 9 208 474
4 10 417 162
4 11 547 359
4 12 452 710
4 13 325 517
4 14 281 90
4 15 130 619
4 16 734 223
4 17 993 302
4 18 378 693
4 19 520 340
4 20 503 291
4 21 811 666
4 22 477 338
4 23 638 455
4 24 720 693
4 25 704 586
4 26 826 506
4 27 205 378
4 28 384 332
4 29 554 279
4 30 798 620
4 31 847 583
4 32 779 615
4 33 470 580
4 34 691 616
4 35 285 620
4 36 906 907
4 37 354 706
4 38 871 919
4 39 383 676
4 40 777 500
4 41 618 293
4 42 832 699
4 43 160 54
4 44 420 355
4 45 240 144
4 46 52 536
4 47 585 393
4 48 142 104
4 49 868 304
4 50 320 356
4 51 951 982
4 52 921 297
4 53 21 155
4 54 56 407
4 55 934 776
4 56 127 294
4 57 978 483
4 58 388 607
4 59 977 892
4 60 489 741
4 61 182 660
4 62 415 716
4 63 968 628
4 64 229 362
4 65 945 970
4 66 566 687
4 67 853 307
4 68 37 486
4 69 815 593
4 70 543 374
4 71 105 449
4 72 76 128
4 73 916 882
4 74 430 149
4 75 210 595
4 76 330 296
4 77 26 461
4 78 671 530
4 79 881 520
4 80 472 453
4 81 618 549
4 82 900 876
4 83 520 532
4 84 821 588
4 85 106 393
4 86 10 538
4 87 889 417
4 88 148 401
4 89 665 810
4 90 426 164
4 91 350 637
4 92 537 180
4 93 212 96
4 94 907 544
4 95 231 628
4 96 526 725
4 97 503 829
4 98 894 810
4 99 939 620
5 6 906 911
5 7 79 527
5 8 446 284
5 9 424 409
5 10 334 483
5 11 765 359
5 12 472 557
5 13 263 773
5 14 954 436
5 15 439 562
5 16 612 503
5 17 539 372
5 18 759 838
5 19 730 902
5 20 242 492
5 21 402 228
5 22 685 762
5 23 125 461
5 24 11 495
5 25 978 979
5 26 987 850
5 27 924 815
5 28 745 687
5 29 43 395
5 30 554 254
5 31 664 471
5 32 845 867
5 33 841 893
5 34 427 320
5 35 478 615
5 36 585 180
5 37 473 221
5 38 967 872
5 39 387 575
5 40 707 316
5 41 305 374
5 42 620 278
5 43 870 550
5 44 722 469
5 45 755 505
5 46 7 698
5 47 977 595
5 48 716 730
5 49 499 824
5 50 309 549
5 51 234 295
5 52 547 539
5 53 217 203
5 54 380 417
5 55 826 537
5 56 499 619
5 57 785 382
5 58 959 786
5 59 496 625
5 60 584 671
5 61 550 520
5 62 733 646
5 63 385 316
5 64 370 724
5 65 349 267
5 66 360 351
5 67 659 203
5 68 409 472
5 69 897 717
5 70 209 329
5 71 964 359
5 72 509 669
5 73 933 379
5 74 256 623
5 75 14 73
5 76 622 678
5 77 572 451
5 78 139 365
5 79 561 327
5 80 750 566
5 81 309 127
5 82 108 181
5 83 112 397
5 84 693 647
5 85 782 455
5 86 52 317
5 87 951 452
5 88 768 537
5 89 336 645
5 90 569 713
5 91 608 523
5 92 745 268
5 93 230 359
5 94 791 522
5 95 18 134
5 96 60 30
5 97 776 546
5 98 5 96
5 99 452 300
6 7 201 438
6 8 966 415
6 9 639 804
6 10 126 269
6 11 828 846
6 12 760 764
6 13 735 823
6 14 961 709
6 15 42 321
6 16 995 612
6 17 852 406
6 18 601 331
6 19 569 409
6 20 586 638
6 21 530 239
6 22 316 679
6 23 466 207
6 24 589 876
6 25 145 198
6 26 583 409
6 27 605 293
6 28 232 512
6 29 545 471
6 30 831 818
6 31 81 299
6 32 271 125
6 33 537 182
6 34 529 696
6 35 953 410
6 36 378 550
6 37 445 402
6 38 602 487
6 39 360 788
6 40 970 422
6 41 222 652
6 42 419 156
6 43 434 457
6 44 327 481
6 45 0 221
6 46 501 617
6 47 870 566
6 48 545 816
6 49 81 384
6 50 486 673
6 51 304 390
6 52 295 156
6 53 2 286
6 54 847 420
6 55 729 822
6 56 192 682
6 57 345 796
6 58 858 452
6 59 986 832
6 60 178 110
6 61 976 773
6 62 487 379
6 63 50 460
6 64 898 360
6 65 353 219
6 66 509 756
6 67 245 617
6 68 116 529
6 69 191 671
6 70 797 681
6 71 605 222
6 72 873 418
6 73 614 411
6 74 644 538
6 75 509 663
6 76 56 641
6 77 353 227
6 78 248 452
6 79 819 441
6 80 279 699
6 81 193 282
6 82 227 154
6 83 418 154
6 84 827 819
6 85 66 344
6 86 635 583
6 87 958 729
6 88 690 541
6 89 937 415
6 90 121 114
6 91 759 687
6 92 841 646
6 93 632 567
6 94 681 244
6 95 862 875
6 96 766 774
6 97 972 425
6 98 902 591
6 99 212 84
7 8 617 389
7 9 678 332
7 10 103 131
7 11 323 393
7 12 970 519
7 13 243 78
7 14 434 693
7 15 430 337
7 16 864 841
7 17 200 718
7 18 551 480
7 19 512 166
7 20 623 411
7 21 23 639
7 22 400 406
7 23 130 61
7 24 748 424
7 25 819 939
7 26 618 568
7 27 187 741
7 28 472 251
7 29 492 465
7 30 562 375
7 31 517 583
7 32 866 427
7 33 481 618
7 34 48 600
7 35 816 613
7 36 237 207
7 37 316 209
7 38 676 253
7 39 334 783
7 40 335 298
7 41 499 442
7 42 218 418
7 43 796 864
7 44 338 277
7 45 579 533
7 46 683 551
7 47 638 552
7 48 486 321
7 49 318 406
7 50 619 459
7 51 554 580
7 52 51 686
7 53 566 868
7 54 685 855
7 55 288 412
7 56 850 749
7 57 903 671
7 58 100 359
7 59 366 609
7 60 472 229
7 61 431 632
7 62 664 375
7 63 757 546
7 64 558 359
7 65 288 146
7 66 509 496
7 67 704 385
7 68 800 856
7 69 118 325
7 70 343 757
7 71 150 131
7 72 55 106
7 73 233 483
7 74 862 779
7 75 369 645
7 76 542 758
7 77 740 896
7 78 986 993
7 79 340 321
7 80 378 320
7 81 681 209
7 82 34 648
7 83 64 110
7 84 412 778
7 85 417 458
7 86 897 369
7 87 496 746
7 88 362 290
7 89 95 95
7 90 941 868
7 91 950 347
7 92 537 460
7 93 541 373
7 94 555 848
7 95 498 790
7 96 650 460
7 97 565 341
7 98 651 797
7 99 670 267
8 9 98 562
8 10 281 303
8 11 465 593
8 12 375 375
8 13 707 666
8 14 705 255
8 15 980 766
8 16 756 792
8 17 876 437
8 18 3 585
8 19 627 538
8 20 694 746
8 21 224 651
8 22 892 510
8 23 288 196
8 24 271 538
8 25 557 807
8 26 131 309
8 27 294 444
8 28 797 737
8 29 896 643
8 30 479 510
8 31 575 776
8 32 52 325
8 33 896 469
8 34 148 159
8 35 182 732
8 36 365 499
8 37 732 807
8 38 999 880
8 39 827 601
8 40 347 471
8 41 927 502
8 42 316 417
8 43 388 261
8 44 376 602
8 45 754 314
8 46 908 964
8 47 748 667
8 48 89 70
8 49 981 457
8 50 410 571
8 51 451 416
8 52 52 214
8 53 789 497
8 54 778 505
8 55 752 480
8 56 390 179
8 57 746 724
8 58 890 827
8 59 840 617
8 60 134 465
8 61 967 874
8 62 77 41
8 63 456 339
8 64 722 233
8 65 785 696
8 66 783 642
8 67 2 171
8 68 638 787
8 69 18 270
8 70 10 541
8 71 22 666
8 72 771 341
8 73 999 656
8 74 673 405
8 75 241 212
8 76 310 740
8 77 506 411
8 78 235 75
8 79 919 569
8 80 94 598
8 81 365 613
8 82 337 500
8 83 870 478
8 84 721 912
8 85 815 708
8 86 488 294
8 87 574 526
8 88 130 622
8 89 76 134
8 90 689 870
8 91 449 469
8 92 832 293
8 93 712 701
8 94 489 511
8 95 209 69
8 96 754 787
8 97 547 292
8 98 607 678
8 99 575 775
9 10 537 595
9 11 100 663
9 12 533 415
9 13 379 460
9 14 454 604
9 15 629 640
9 16 680 646
9 17 82 175
9 18 916 474
9 19 450 706
9 20 385 731
9 21 604 352
9 22 3 667
9 23 501 538
9 24 139 641
9 25 420 175
9 26 234 423
9 27 769 740
9 28 944 475
9 29 260 470
9 30 284 447
9 31 787 878
9 32 16 517
9 33 164 103
9 34 909 753
9 35 906 400
9 36 210 329
9 37 416 288
9 38 241 423
9 39 343 126
9 40 24 377
9 41 985 957
9 42 129 644
9 43 246 176
9 44 141 155
9 45 151 64
9 46 617 712
9 47 668 643
9 48 14 6
9 49 62 68
9 50 961 542
9 51 479 216
9 52 6 212
9 53 45 216
9 54 207 487
9 55 808 572
9 56 351 429
9 57 169 580
9 58 536 846
9 59 329 383
9 60 137 605
9 61 908 297
9 62 545 532
9 63 231 375
9 64 87 162
9 65 845 661
9 66 579 796
9 67 759 725
9 68 68 59
9 69 65 622
9 70 549 464
9 71 719 475
9 72 595 187
9 73 464 233
9 74 610 558
9 75 856 296
9 76 789 564
9 77 309 769
9 78 56 554
9 79 251 159
9 80 977 892
9 81 564 727
9 82 966 344
9 83 139 336
9 84 596 292
9 85 65 263
9 86 783 502
9 87 81 53
9 88 164 54
9 89 331 545
9 90 327 674
9 91 258 291
9 92 238 100
9 93 714 735
9 94 80 683
9 95 266 341
9 96 850 262
9 97 870 890
9 98 154 441
9 99 928 545
10 11 638 715
10 12 362 679
10 13 803 670
10 14 646 536
10 15 929 960
10 16 898 599
10 17 792 920
10 18 488 750
10 19 227 416
10 20 565 411
10 21 636 734
10 22 276 259
10 23 391 739
10 24 371 595
10 25 788 334
10 26 121 406
10 27 295 642
10 28 917 302
10 29 334 777
10 30 896 294
10 31 607 780
10 32 670 899
10 33 72 566
10 34 349 452
10 35 917 424
10 36 253 755
10 37 471 662
10 38 450 202
10 39 640 819
10 40 632 496
10 41 689 499
10 42 490 383
10 43 964 608
10 44 289 124
10 45 871 538
10 46 505 633
10 47 911 490
10 48 617 599
10 49 407 748
10 50 986 790
10 51 886 855
10 52 76 142
10 53 475 575
10 54 151 723
10 55 637 223
10 56 747 437
10 57 699 687
10 58 64 280
10 59 668 401
10 60 608 268
10 61 890 662
10 62 985 576
10 63 958 859
10 64 452 486
10 65 19 452
10 66 69 37
10 67 822 476
10 68 273 337
10 69 784 731
10 70 920 524
10 71 750 899
10 72 368 713
10 73 222 742
10 74 347 761
10 75 697 431
10 76 933 572
10 77 459 688
10 78 624 201
10 79 666 520
10 80 723 522
10 81 987 356
10 82 644 811
10 83 869 649
10 84 437 175
10 85 183 694
10 86 437 683
10 87 92 55
10 88 860 781
10 89 989 418
10 90 10 664
10 91 509 611
10 92 752 309
10 93 858 375
10 94 108 646
10 95 669 870
10 96 761 597
10 97 584 196
10 98 559 367
10 99 696 888
11 12 570 861
11 13 458 312
11 14 4 576
11 15 585 774
11 16 554 666
11 17 828 698
11 18 868 646
11 19 29 449
11 20 989 948
11 21 349 154
11 22 145 735
11 23 983 818
11 24 44 69
11 25 814 833
11 26 134 311
11 27 223 201
11 28 686 692
11 29 802 735
11 30 468 444
11 31 126 660
11 32 354 699
11 33 530 427
11 34 890 349
11 35 800 272
11 36 13 242
11 37 753 469
11 38 913 772
11 39 589 308
11 40 550 229
11 41 187 453
11 42 707 598
11 43 972 738
11 44 999 814
11 45 112 49
11 46 410 708
11 47 38 573
11 48 901 599
11 49 69 482
11 50 90 55
11 51 694 383
11 52 150 60
11 53 514 327
11 54 367 564
11 55 31 125
11 56 904 374
11 57 161 529
11 58 860 316
11 59 993 401
11 60 912 764
11 61 75 164
11 62 630 678
11 63 884 742
11 64 823 633
11 65 977 502
11 66 344 144
11 67 719 300
11 68 850 713
11 69 591 368
11 70 170 391
11 71 594 873
11 72 391 634
11 73 565 773
11 74 874 544
11 75 885 784
11 76 915 850
11 77 730 579
11 78 611 442
11 79 324 659
11 80 731 900
11 81 166 513
11 82 154 394
11 83 229 333
11 84 749 484
11 85 693 229
11 86 311 237
11 87 274 445
11 88 855 261
11 89 243 597
11 90 271 455
11 91 602 200
11 92 488 445
11 93 773 642
11 94 670 577
11 95 708 758
11 96 617 534
11 97 387 156
11 98 635 838
11 99 580 834
12 13 321 669
12 14 985 802
12 15 64 108
12 16 539 426
12 17 654 863
12 18 534 546
12 19 538 845
12 20 430 220
12 21 870 426
12 22 387 175
12 23 879 847
12 24 265 333
12 25 781 713
12 26 518 711
12 27 370 642
12 28 562 300
12 29 556 842
12 30 111 631
12 31 615 631
12 32 392 558
12 33 780 631
12 34 519 604
12 35 366 168
12 36 502 759
12 37 884 366
12 38 357 354
12 39 887 757
12 40 538 570
12 41 229 189
12 42 809 536
12 43 252 549
12 44 79 497
12 45 490 771
12 46 547 857
12 47 718 833
12 48 453 194
12 49 433 164
12 50 439 418
12 51 835 781
12 52 1 20
12 53 411 320
12 54 762 309
12 55 716 559
12 56 562 182
12 57 339 212
12 58 567 571
12 59 925 834
12 60 95 366
12 61 711 787
12 62 489 329
12 63 285 149
12 64 852 585
12 65 37 194
12 66 83 558
12 67 309 295
12 68 735 311
12 69 958 471
12 70 274 185
12 71 277 770
12 72 746 347
12 73 756 485
12 74 339 724
12 75 754 914
12 76 782 596
12 77 459 708
12 78 629 832
12 79 329 718
12 80 622 720
12 81 518 619
12 82 134 143
12 83 620 629
12 84 364 128
12 85 149 737
12 86 421 555
12 87 607 612
12 88 651 302
12 89 806 534
12 90 530 408
12 91 206 166
12 92 106 333
12 93 550 680
12 94 986 623
12 95 706 426
12 96 231 672
12 97 706 903
12 98 278 321
12 99 970 339
13 14 699 507
13 15 386 523
13 16 193 220
13 17 580 781
13 18 245 265
13 19 276 166
13 20 742 253
13 21 337 752
13 22 339 397
13 23 882 453
13 24 56 310
13 25 758 692
13 26 447 450
13 27 496 615
13 28 344 560
13 29 95 80
13 30 864 470
13 31 791 295
13 32 242 332
13 33 384 172
13 34 586 548
13 35 701 311
13 36 666 483
13 37 162 118
13 38 9 598
13 39 751 903
13 40 607 621
13 41 424 250
13 42 77 666
13 43 727 369
13 44 846 555
13 45 550 671
13 46 210 542
13 47 282 312
13 48 769 608
13 49 904 780
13 50 560 866
13 51 699 679
13 52 575 284
13 53 533 606
13 54 161 470
13 55 218 603
13 56 90 655
13 57 500 252
13 58 90 528
13 59 193 221
13 60 601 196
13 61 216 387
13 62 128 419
13 63 39 219
13 64 323 155
13 65 809 417
13 66 988 327
13 67 584 780
13 68 950 648
13 69 349 764
13 70 618 218
13 71 250 246
13 72 503 758
13 73 930 906
13 74 855 877
13 75 278 561
13 76 933 766
13 77 512 188
13 78 849 732
13 79 60 703
13 80 785 929
13 81 374 201
13 82 464 206
13 83 754 920
13 84 134 168
13 85 468 686
13 86 355 493
13 87 15 418
13 88 337 510
13 89 43 568
13 90 605 341
13 91 468 311
13 92 127 201
13 93 48 18
13 94 30 612
13 95 691 816
13 96 196 327
13 97 230 717
13 98 712 227
13 99 202 624
14 15 746 590
14 16 620 695
14 17 734 509
14 18 147 459
14 19 656 607
14 20 146 316
14 21 232 375
14 22 544 555
14 23 303 669
14 24 314 216
14 25 504 664
14 26 776 915
14 27 371 512
14 28 470 493
14 29 637 369
14 30 871 871
14 31 493 370
14 32 218 459
14 33 413 470
14 34 332 106
14 35 181 715
14 36 357 453
14 37 599 608
14 38 473 730
14 39 257 226
14 40 62 582
14 41 924 333
14 42 655 266
14 43 643 880
14 44 752 844
14 45 942 938
14 46 252 348
14 47 902 279
14 48 3 31
14 49 464 713
14 50 505 449
14 51 961 931
14 52 674 342
14 53 67 526
14 54 551 521
14 55 246 571
14 56 592 825
14 57 508 349
14 58 643 422
14 59 838 878
14 60 97 244
14 61 296 145
14 62 562 806
14 63 970 973
14 64 576 546
14 65 131 292
14 66 936 312
14 67 630 554
14 68 975 587
14 69 192 460
14 70 341 245
14 71 882 736
14 72 996 491
14 73 244 491
14 74 463 805
14 75 447 631
14 76 783 886
14 77 209 105
14 78 189 334
14 79 95 209
14 80 177 644
14 81 876 843
14 82 99 507
14 83 663 425
14 84 218 624
14 85 632 808
14 86 70 344
14 87 162 480
14 88 515 338
14 89 591 823
14 90 1 121
14 91 317 562
14 92 287 366
14 93 95 84
14 94 813 448
14 95 360 688
14 96 185 678
14 97 311 558
14 98 415 482
14 99 30 605
15 16 945 397
15 17 623 570
15 18 683 425
15 19 485 463
15 20 305 110
15 21 491 602
15 22 446 161
15 23 881 451
15 24 533 227
15 25 196 154
15 26 91 193
15 27 124 106
15 28 886 634
15 29 515 305
15 30 170 543
15 31 844 821
15 32 750 483
15 33 851 363
15 34 492 559
15 35 69 548
15 36 511 266
15 37 971 302
15 38 374 155
15 39 948 749
15 40 976 992
15 41 518 181
15 42 257 620
15 43 77 320
15 44 105 148
15 45 382 325
15 46 524 443
15 47 887 511
15 48 751 318
15 49 423 139
15 50 37 487
15 51 445 520
15 52 814 706
15 53 206 586
15 54 807 390
15 55 413 202
15 56 621 383
15 57 993 917
15 58 95 54
15 59 806 460
15 60 220 393
15 61 28 220
15 62 298 184
15 63 778 676
15 64 499 819
15 65 757 740
15 66 845 754
15 67 790 491
15 68 376 342
15 69 459 603
15 70 817 609
15 71 481 671
15 72 150 389
15 73 613 763
15 74 780 584
15 75 654 254
15 76 275 125
15 77 348 314
15 78 331 313
15 79 219 214
15 80 637 494
15 81 245 759
15 82 451 802
15 83 775 692
15 84 226 264
15 85 275 664
15 86 52 416
15 87 62 430
15 88 172 733
15 89 714 640
15 90 299 539
15 91 160 509
15 92 99 72
15 93 493 228
15 94 71 126
15 95 150 136
15 96 614 449
15 97 296 597
15 98 0 534
15 99 100 305
16 17 619 780
16 18 224 575
16 19 332 101
16 20 309 536
16 21 10 228
16 22 811 805
16 23 15 237
16 24 880 768
16 25 337 274
16 26 632 190
16 27 420 206
16 28 473 693
16 29 131 94
16 30 250 429
16 31 75 484
16 32 289 386
16 33 18 695
16 34 832 344
16 35 488 704
16 36 681 470
16 37 13 482
16 38 909 489
16 39 600 662
16 40 580 559
16 41 411 159
16 42 388 591
16 43 377 571
16 44 428 440
16 45 804 447
16 46 347 294
16 47 344 477
16 48 396 745
16 49 738 688
16 50 425 798
16 51 912 970
16 52 672 566
16 53 96 193
16 54 491 673
16 55 147 330
16 56 311 792
16 57 570 819
16 58 140 587
16 59 131 370
16 60 674 622
16 61 765 403
16 62 218 160
16 63 223 668
16 64 583 859
16 65 13 557
16 66 824 750
16 67 50 594
16 68 962 972
16 69 731 500
16 70 245 665
16 71 457 585
16 72 38 430
16 73 332 162
16 74 727 531
16 75 700 731
16 76 189 140
16 77 701 648
16 78 441 520
16 79 746 778
16 80 991 873
16 81 764 747
16 82 494 624
16 83 914 636
16 84 395 287
16 85 579 545
16 86 363 228
16 87 210 406
16 88 591 554
16 89 238 130
16 90 679 486
16 91 390 794
16 92 959 499
16 93 686 781
16 94 705 720
16 95 97 190
16 96 11 321
16 97 874 821
16 98 255 537
16 99 791 367
17 18 947 606
17 19 118 124
17 20 621 737
17 21 4 642
17 22 575 240
17 23 764 739
17 24 938 367
17 25 38 101
17 26 793 442
17 27 986 662
17 28 735 763
17 29 334 447
17 30 187 708
17 31 217 534
17 32 225 642
17 33 346 392
17 34 353 365
17 35 382 216
17 36 0 39
17 37 653 228
17 38 71 609
17 39 54 420
17 40 568 692
17 41 379 787
17 42 782 675
17 43 782 584
17 44 170 446
17 45 816 470
17 46 629 659
17 47 16 179
17 48 361 523
17 49 228 718
17 50 314 632
17 51 417 387
17 52 475 220
17 53 345 726
17 54 501 213
17 55 846 758
17 56 633 777
17 57 93 272
17 58 778 765
17 59 669 455
17 60 742 751
17 61 801 882
17 62 763 809
17 63 880 488
17 64 791 568
17 65 686 819
17 66 352 723
17 67 760 339
17 68 144 287
17 69 312 411
17 70 917 435
17 71 431 697
17 72 27 685
17 73 873 651
17 74 445 762
17 75 295 465
17 76 410 817
17 77 820 830
17 78 750 500
17 79 156 562
17 80 71 387
17 81 992 731
17 82 650 686
17 83 233 720
17 84 225 764
17 85 449 555
17 86 145 706
17 87 511 435
17 88 246 148
17 89 371 133
17 90 187 152
17 91 999 456
17 92 502 647
17 93 104 430
17 94 17 592
17 95 105 577
17 96 878 929
17 97 432 753
17 98 958 447
17 99 357 143
18 19 189 425
18 20 822 504
18 21 45 17
18 22 722 594
18 23 778 294
18 24 972 974
18 25 286 761
18 26 912 561
18 27 133 615
18 28 475 270
18 29 928 486
18 30 464 570
18 31 187 512
18 32 685 711
18 33 172 201
18 34 453 270
18 35 24 125
18 36 389 465
18 37 133 572
18 38 857 510
18 39 781 866
18 40 790 736
18 41 296 228
18 42 852 820
18 43 662 813
18 44 913 285
18 45 205 444
18 46 591 297
18 47 999 847
18 48 355 763
18 49 874 806
18 50 988 580
18 51 418 646
18 52 187 281
18 53 565 670
18 54 391 783
18 55 150 389
18 56 774 293
18 57 145 697
18 58 644 295
18 59 722 377
18 60 719 896
18 61 484 390
18 62 249 314
18 63 94 507
18 64 19 236
18 65 829 520
18 66 251 590
18 67 426 177
18 68 271 101
18 69 28 62
18 70 625 315
18 71 834 809
18 72 804 736
18 73 345 241
18 74 411 515
18 75 663 396
18 76 730 708
18 77 711 576
18 78 933 482
18 79 938 398
18 80 811 298
18 81 956 968
18 82 247 77
18 83 670 383
18 84 34 46
18 85 55 665
18 86 675 643
18 87 17 500
18 88 336 202
18 89 815 477
18 90 142 669
18 91 172 467
18 92 783 387
18 93 883 646
18 94 851 300
18 95 39 59
18 96 796 838
18 97 771 443
18 98 567 667
18 99 220 390
19 20 481 728
19 21 801 783
19 22 53 310
19 23 872 833
19 24 542 608
19 25 223 663
19 26 524 328
19 27 257 117
19 28 411 373
19 29 303 754
19 30 853 354
19 31 484 629
19 32 762 810
19 33 205 491
19 34 979 531
19 35 630 466
19 36 882 827
19 37 154 223
19 38 31 219
19 39 652 865
19 40 633 888
19 41 544 519
19 42 555 202
19 43 532 173
19 44 717 809
19 45 637 850
19 46 919 879
19 47 666 289
19 48 768 767
19 49 212 196
19 50 138 221
19 51 979 735
19 52 885 391
19 53 651 418
19 54 472 253
19 55 771 599
19 56 948 949
19 57 702 217
19 58 962 358
19 59 204 595
19 60 342 771
19 61 921 850
19 62 368 294
19 63 275 329
19 64 610 772
19 65 622 536
19 66 603 527
19 67 295 364
19 68 421 798
19 69 926 402
19 70 54 450
19 71 169 576
19 72 979 733
19 73 977 794
19 74 139 438
19 75 875 778
19 76 356 785
19 77 982 497
19 78 502 276
19 79 431 415
19 80 479 390
19 81 279 648
19 82 171 345
19 83 224 244
19 84 365 594
19 85 802 745
19 86 359 646
19 87 396 366
19 88 887 312
19 89 47 465
19 90 534 270
19 91 263 162
19 92 613 792
19 93 666 895
19 94 356 259
19 95 739 585
19 96 500 597
19 97 692 668
19 98 670 665
19 99 729 525
20 21 557 172
20 22 644 681
20 23 117 716
20 24 315 713
20 25 900 394
20 26 952 731
20 27 186 395
20 28 897 694
20 29 411 392
20 30 609 317
20 31 591 842
20 32 113 333
20 33 890 749
20 34 452 308
20 35 475 242
20 36 526 462
20 37 688 466
20 38 708 721
20 39 354 526
20 40 430 482
20 41 651 581
20 42 27 473
20 43 600 583
20 44 411 314
20 45 608 813
20 46 489 493
20 47 141 369
20 48 257 110
20 49 421 381
20 50 669 827
20 51 847 671
20 52 950 593
20 53 509 309
20 54 843 432
20 55 962 367
20 56 771 656
20 57 69 523
20 58 290 290
20 59 968 300
20 60 966 336
20 61 652 461
20 62 426 495
20 63 299 359
20 64 81 38
20 65 732 616
20 66 790 337
20 67 726 812
20 68 629 828
20 69 52 469
20 70 207 642
20 71 730 880
20 72 118 539
20 73 865 389
20 74 324 521
20 75 851 839
20 76 450 648
20 77 916 372
20 78 233 743
20 79 417 402
20 80 453 474
20 81 706 443
20 82 502 677
20 83 1 121
20 84 32 52
20 85 199 81
20 86 340 579
20 87 410 636
20 88 259 125
20 89 602 218
20 90 743 429
20 91 197 269
20 92 543 241
20 93 991 475
20 94 964 923
20 95 633 507
20 96 110 589
20 97 809 433
20 98 607 184
20 99 606 810
21 22 79 193
21 23 839 912
21 24 345 228
21 25 414 688
21 26 743 596
21 27 610 794
21 28 311 669
21 29 163 208
21 30 887 858
21 31 344 448
21 32 31 325
21 33 629 617
21 34 606 771
21 35 493 280
21 36 681 701
21 37 337 542
21 38 419 626
21 39 572 233
21 40 838 690
21 41 297 272
21 42 610 248
21 43 4 20
21 44 830 349
21 45 226 625
21 46 139 569
21 47 296 186
21 48 575 743
21 49 262 756
21 50 663 551
21 51 324 111
21 52 236 527
21 53 198 679
21 54 386 665
21 55 152 639
21 56 690 244
21 57 960 301
21 58 514 285
21 59 907 541
21 60 431 812
21 61 702 865
21 62 223 85
21 63 114 403
21 64 476 263
21 65 493 695
21 66 993 998
21 67 786 908
21 68 547 171
21 69 255 493
21 70 422 625
21 71 973 437
21 72 209 339
21 73 882 818
21 74 73 501
21 75 294 518
21 76 940 819
21 77 747 369
21 78 810 279
21 79 526 225
21 80 984 848
21 81 741 884
21 82 131 202
21 83 839 913
21 84 433 136
21 85 840 681
21 86 518 453
21 87 463 719
21 88 748 621
21 89 393 494
21 90 596 395
21 91 463 427
21 92 572 802
21 93 199 752
21 94 731 790
21 95 603 649
21 96 550 849
21 97 481 784
21 98 374 510
21 99 148 538
22 23 912 787
22 24 427 540
22 25 151 651
22 26 536 297
22 27 798 653
22 28 800 328
22 29 173 466
22 30 315 406
22 31 976 693
22 32 348 206
22 33 75 51
22 34 857 579
22 35 607 432
22 36 310 485
22 37 568 249
22 38 113 143
22 39 796 702
22 40 260 721
22 41 579 836
22 42 87 447
22 43 881 340
22 44 150 680
22 45 128 169
22 46 58 195
22 47 161 571
22 48 467 463
22 49 705 756
22 50 685 261
22 51 792 694
22 52 609 247
22 53 518 344
22 54 982 568
22 55 882 522
22 56 287 783
22 57 415 608
22 58 685 737
22 59 625 735
22 60 564 797
22 61 792 246
22 62 172 72
22 63 339 377
22 64 471 405
22 65 158 416
22 66 532 251
22 67 332 496
22 68 133 674
22 69 831 788
22 70 166 397
22 71 673 238
22 72 206 698
22 73 861 689
22 74 208 137
22 75 893 423
22 76 554 434
22 77 84 615
22 78 855 627
22 79 175 445
22 80 789 407
22 81 215 72
22 82 74 145
22 83 577 699
22 84 75 337
22 85 180 408
22 86 86 604
22 87 486 213
22 88 958 351
22 89 703 315
22 90 391 503
22 91 379 142
22 92 699 757
22 93 349 590
22 94 277 245
22 95 603 834
22 96 947 558
22 97 431 283
22 98 788 459
22 99 208 658
23 24 794 752
23 25 491 576
23 26 247 419
23 27 286 324
23 28 830 631
23 29 263 305
23 30 707 482
23 31 548 189
23 32 335 582
23 33 811 445
23 34 591 758
23 35 620 261
23 36 951 613
23 37 4 170
23 38 325 200
23 39 293 601
23 40 816 288
23 41 290 160
23 42 946 506
23 43 951 360
23 44 274 549
23 45 6 552
23 46 775 379
23 47 811 299
23 48 328 798
23 49 112 100
23 50 341 650
23 51 489 738
23 52 534 594
23 53 28 331
23 54 423 168
23 55 207 411
23 56 80 245
23 57 469 244
23 58 464 347
23 59 674 572
23 60 791 866
23 61 352 403
23 62 479 192
23 63 10 279
23 64 312 120
23 65 678 537
23 66 483 785
23 67 802 873
23 68 652 848
23 69 208 728
23 70 760 502
23 71 861 528
23 72 329 614
23 73 912 844
23 74 43 87
23 75 583 698
23 76 305 708
23 77 492 366
23 78 637 772
23 79 749 619
23 80 146 435
23 81 351 606
23 82 218 258
23 83 484 528
23 84 514 801
23 85 235 390
23 86 175 501
23 87 248 457
23 88 185 439
23 89 693 278
23 90 984 306
23 91 786 907
23 92 9 25
23 93 954 911
23 94 561 232
23 95 448 561
23 96 596 350
23 97 283 385
23 98 486 301
23 99 534 450
24 25 159 380
24 26 457 343
24 27 648 847
24 28 236 610
24 29 480 533
24 30 226 632
24 31 639 482
24 32 726 484
24 33 63 694
24 34 720 886
24 35 204 514
24 36 668 742
24 37 278 661
24 38 281 562
24 39 837 571
24 40 719 432
24 41 903 677
24 42 63 590
24 43 842 775
24 44 810 881
24 45 189 387
24 46 2 333
24 47 486 402
24 48 192 350
24 49 689 682
24 50 840 752
24 51 20 553
24 52 546 702
24 53 426 478
24 54 441 819
24 55 510 821
24 56 864 615
24 57 45 75
24 58 333 388
24 59 736 570
24 60 468 713
24 61 68 118
24 62 4 29
24 63 926 843
24 64 18 546
24 65 229 361
24 66 53 277
24 67 427 418
24 68 656 766
24 69 460 698
24 70 476 374
24 71 358 202
24 72 117 422
24 73 438 400
24 74 973 474
24 75 306 327
24 76 757 845
24 77 679 686
24 78 546 220
24 79 796 734
24 80 743 580
24 81 665 335
24 82 223 175
24 83 52 251
24 84 268 306
24 85 150 79
24 86 801 763
24 87 539 431
24 88 724 763
24 89 679 672
24 90 209 595
24 91 618 764
24 92 384 617
24 93 58 195
24 94 697 710
24 95 433 737
24 96 917 665
24 97 947 466
24 98 714 260
24 99 927 428
25 26 716 458
25 27 68 350
25 28 23 701
25 29 173 473
25 30 950 298
25 31 940 653
25 32 345 393
25 33 307 691
25 34 351 625
25 35 420 587
25 36 134 485
25 37 781 661
25 38 9 639
25 39 851 811
25 40 360 697
25 41 16 234
25 42 288 629
25 43 153 262
25 44 461 369
25 45 4 260
25 46 426 575
25 47 451 200
25 48 4 613
25 49 464 700
25 50 812 287
25 51 956 680
25 52 216 424
25 53 283 296
25 54 62 352
25 55 50 20
25 56 338 156
25 57 647 628
25 58 177 258
25 59 684 809
25 60 229 191
25 61 743 715
25 62 458 625
25 63 327 363
25 64 178 507
25 65 224 375
25 66 629 339
25 67 142 245
25 68 706 846
25 69 869 501
25 70 645 791
25 71 463 484
25 72 474 184
25 73 926 440
25 74 674 880
25 75 727 223
25 76 130 161
25 77 20 603
25 78 337 389
25 79 752 518
25 80 601 197
25 81 226 183
25 82 599 460
25 83 809 776
25 84 52 459
25 85 498 523
25 86 198 620
25 87 554 798
25 88 570 640
25 89 680 303
25 90 570 858
25 91 671 420
25 92 909 390
25 93 710 517
25 94 224 522
25 95 874 650
25 96 480 405
25 97 344 343
25 98 509 737
25 99 123 107
26 27 463 289
26 28 534 390
26 29 462 349
26 30 941 428
26 31 377 642
26 32 39 704
26 33 402 739
26 34 852 628
26 35 776 452
26 36 723 275
26 37 569 393
26 38 654 344
26 39 256 549
26 40 340 794
26 41 998 608
26 42 486 802
26 43 106 693
26 44 37 677
26 45 826 898
26 46 61 58
26 47 147 395
26 48 473 749
26 49 713 394
26 50 390 677
26 51 824 926
26 52 358 500
26 53 889 942
26 54 104 135
26 55 562 318
26 56 288 318
26 57 743 384
26 58 300 456
26 59 782 607
26 60 649 535
26 61 396 719
26 62 495 400
26 63 845 277
26 64 573 598
26 65 217 346
26 66 824 523
26 67 628 873
26 68 164 362
26 69 6 475
26 70 561 734
26 71 979 934
26 72 256 381
26 73 703 486
26 74 11 294
26 75 775 708
26 76 498 661
26 77 364 674
26 78 415 481
26 79 824 628
26 80 199 197
26 81 355 121
26 82 705 217
26 83 306 108
26 84 67 63
26 85 249 226
26 86 890 964
26 87 451 140
26 88 341 717
26 89 221 434
26 90 732 291
26 91 614 412
26 92 656 338
26 93 565 471
26 94 106 480
26 95 473 447
26 96 992 831
26 97 26 542
26 98 785 738
26 99 85 633
27 28 337 675
27 29 229 447
27 30 133 421
27 31 298 476
27 32 972 420
27 33 533 313
27 34 790 892
27 35 707 886
27 36 603 360
27 37 293 135
27 38 901 607
27 39 85 555
27 40 641 665
27 41 90 191
27 42 640 510
27 43 634 218
27 44 186 546
27 45 265 593
27 46 14 617
27 47 125 208
27 48 207 208
27 49 365 183
27 50 634 261
27 51 663 830
27 52 22 455
27 53 518 365
27 54 82 286
27 55 46 365
27 56 347 723
27 57 233 106
27 58 23 459
27 59 583 749
27 60 909 901
27 61 97 296
27 62 545 253
27 63 541 768
27 64 780 474
27 65 285 377
27 66 586 812
27 67 863 945
27 68 983 874
27 69 92 428
27 70 212 472
27 71 917 660
27 72 2 464
27 73 221 347
27 74 945 783
27 75 251 681
27 76 489 159
27 77 538 791
27 78 740 425
27 79 141 528
27 80 258 583
27 81 435 823
27 82 81 185
27 83 147 130
27 84 503 284
27 85 272 277
27 86 74 112
27 87 315 455
27 88 247 631
27 89 56 289
27 90 147 652
27 91 331 771
27 92 470 246
27 93 862 571
27 94 949 880
27 95 83 281
27 96 974 667
27 97 972 804
27 98 468 813
27 99 481 702
28 29 236 436
28 30 554 310
28 31 601 637
28 32 1 525
28 33 501 547
28 34 610 550
28 35 602 328
28 36 2 315
28 37 938 511
28 38 624 589
28 39 311 514
28 40 975 990
28 41 877 557
28 42 527 707
28 43 290 765
28 44 795 721
28 45 757 918
28 46 12 458
28 47 787 875
28 48 492 278
28 49 443 467
28 50 341 299
28 51 328 555
28 52 472 817
28 53 877 826
28 54 250 559
28 55 919 923
28 56 600 471
28 57 443 298
28 58 630 288
28 59 900 882
28 60 439 432
28 61 921 385
28 62 750 469
28 63 112 653
28 64 778 707
28 65 536 705
28 66 470 323
28 67 698 802
28 68 115 453
28 69 534 385
28 70 73 554
28 71 725 603
28 72 110 563
28 73 106 522
28 74 331 701
28 75 946 973
28 76 839 490
28 77 861 491
28 78 25 515
28 79 72 628
28 80 504 792
28 81 360 285
28 82 256 286
28 83 911 345
28 84 580 404
28 85 785 586
28 86 409 611
28 87 556 177
28 88 80 707
28 89 186 656
28 90 853 748
28 91 53 418
28 92 379 526
28 93 81 530
28 94 419 203
28 95 65 183
28 96 143 678
28 97 905 603
28 98 245 153
28 99 258 650
29 30 261 541
29 31 508 474
29 32 683 316
29 33 597 659
29 34 542 180
29 35 650 430
29 36 711 320
29 37 557 284
29 38 933 835
29 39 715 354
29 40 325 176
29 41 941 487
29 42 743 344
29 43 20 220
29 44 489 804
29 45 426 373
29 46 297 133
29 47 982 834
29 48 341 537
29 49 452 610
29 50 86 700
29 51 319 650
29 52 147 204
29 53 304 776
29 54 206 505
29 55 261 454
29 56 362 302
29 57 791 753
29 58 391 246
29 59 868 916
29 60 665 497
29 61 278 331
29 62 30 578
29 63 263 607
29 64 389 348
29 65 981 589
29 66 744 615
29 67 858 806
29 68 627 458
29 69 732 480
29 70 757 904
29 71 181 503
29 72 533 282
29 73 638 487
29 74 65 135
29 75 260 170
29 76 605 860
29 77 947 469
29 78 99 146
29 79 956 413
29 80 611 478
29 81 756 730
29 82 677 264
29 83 429 707
29 84 13 185
29 85 48 250
29 86 447 374
29 87 63 315
29 88 263 706
29 89 419 563
29 90 362 286
29 91 92 652
29 92 882 888
29 93 603 237
29 94 676 710
29 95 845 296
29 96 69 399
29 97 73 130
29 98 768 417
29 99 760 833
30 31 233 538
30 32 546 427
30 33 631 832
30 34 660 817
30 35 272 613
30 36 291 273
30 37 881 308
30 38 294 575
30 39 755 800
30 40 873 596
30 41 244 739
30 42 521 304
30 43 581 589
30 44 893 450
30 45 579 563
30 46 874 929
30 47 770 370
30 48 505 500
30 49 438 532
30 50 615 706
30 51 74 719
30 52 945 635
30 53 342 302
30 54 296 167
30 55 957 456
30 56 386 300
30 57 433 717
30 58 269 134
30 59 581 543
30 60 767 562
30 61 62 323
30 62 170 574
30 63 709 313
30 64 188 287
30 65 194 549
30 66 380 616
30 67 838 860
30 68 680 753
30 69 500 287
30 70 730 534
30 71 105 181
30 72 930 504
30 73 649 822
30 74 446 558
30 75 202 534
30 76 601 436
30 77 153 496
30 78 161 103
30 79 394 298
30 80 982 906
30 81 485 315
30 82 672 658
30 83 73 242
30 84 460 566
30 85 815 905
30 86 220 470
30 87 608 792
30 88 769 774
30 89 933 458
30 90 950 454
30 91 874 816
30 92 890 428
30 93 848 311
30 94 192 379
30 95 844 834
30 96 383 227
30 97 718 303
30 98 400 617
30 99 692 879
31 32 334 626
31 33 515 332
31 34 631 343
31 35 332 777
31 36 583 341
31 37 234 424
31 38 940 919
31 39 520 625
31 40 933 523
31 41 666 234
31 42 243 514
31 43 56 691
31 44 217 760
31 45 813 877
31 46 726 727
31 47 258 398
31 48 861 524
31 49 572 720
31 50 101 246
31 51 0 262
31 52 556 823
31 53 529 368
31 54 953 499
31 55 606 317
31 56 883 892
31 57 484 254
31 58 74 30
31 59 605 423
31 60 128 732
31 61 759 520
31 62 870 567
31 63 550 517
31 64 217 654
31 65 376 787
31 66 226 453
31 67 571 294
31 68 490 518
31 69 259 486
31 70 557 720
31 71 972 713
31 72 782 661
31 73 211 297
31 74 486 205
31 75 903 682
31 76 202 622
31 77 262 470
31 78 532 371
31 79 377 481
31 80 268 545
31 81 230 298
31 82 198 325
31 83 501 414
31 84 697 323
31 85 655 388
31 86 137 91
31 87 267 547
31 88 956 824
31 89 371 786
31 90 824 654
31 91 835 742
31 92 344 474
31 93 704 902
31 94 820 792
31 95 720 323
31 96 771 368
31 97 317 521
31 98 249 358
31 99 535 323
32 33 264 442
32 34 387 149
32 35 4 359
32 36 796 853
32 37 641 459
32 38 763 382
32 39 543 665
32 40 940 675
32 41 294 505
32 42 495 382
32 43 7 85
32 44 234 605
32 45 557 446
32 46 633 240
32 47 794 783
32 48 591 345
32 49 431 389
32 50 204 406
32 51 856 369
32 52 194 59
32 53 591 407
32 54 706 450
32 55 529 395
32 56 642 795
32 57 574 253
32 58 697 842
32 59 719 828
32 60 86 668
32 61 968 532
32 62 823 381
32 63 835 367
32 64 775 748
32 65 375 473
32 66 826 810
32 67 695 245
32 68 76 202
32 69 210 570
32 70 236 170
32 71 796 854
32 72 135 198
32 73 502 799
32 74 30 163
32 75 734 732
32 76 775 765
32 77 933 900
32 78 552 628
32 79 755 416
32 80 373 271
32 81 535 802
32 82 390 651
32 83 982 667
32 84 891 885
32 85 308 391
32 86 589 643
32 87 143 157
32 88 821 525
32 89 7 340
32 90 26 498
32 91 506 626
32 92 841 384
32 93 122 209
32 94 237 626
32 95 411 532
32 96 313 772
32 97 26 152
32 98 296 766
32 99 562 198
33 34 145 156
33 35 759 341
33 36 590 629
33 37 434 644
33 38 944 620
33 39 502 232
33 40 797 660
33 41 70 561
33 42 551 529
33 43 57 233
33 44 388 451
33 45 354 440
33 46 698 508
33 47 85 261
33 48 138 369
33 49 832 628
33 50 857 439
33 51 851 574
33 52 780 880
33 53 126 501
33 54 423 546
33 55 632 523
33 56 142 545
33 57 329 261
33 58 352 300
33 59 150 672
33 60 460 417
33 61 343 595
33 62 347 254
33 63 775 582
33 64 525 756
33 65 499 155
33 66 378 491
33 67 427 747
33 68 1 272
33 69 381 154
33 70 390 762
33 71 546 536
33 72 227 261
33 73 845 906
33 74 910 883
33 75 347 266
33 76 912 857
33 77 625 776
33 78 779 699
33 79 537 331
33 80 389 163
33 81 825 390
33 82 112 92
33 83 835 277
33 84 243 222
33 85 708 781
33 86 486 771
33 87 503 272
33 88 427 800
33 89 112 380
33 90 651 447
33 91 339 436
33 92 261 604
33 93 768 874
33 94 182 192
33 95 374 732
33 96 91 268
33 97 756 796
33 98 962 487
33 99 872 471
34 35 379 287
34 36 847 472
34 37 647 331
34 38 892 807
34 39 944 777
34 40 133 676
34 41 429 366
34 42 710 378
34 43 640 509
34 44 813 924
34 45 62 252
34 46 444 300
34 47 719 699
34 48 327 779
34 49 329 508
34 50 420 659
34 51 637 297
34 52 730 654
34 53 305 456
34 54 965 800
34 55 425 654
34 56 265 500
34 57 816 795
34 58 234 431
34 59 695 635
34 60 949 356
34 61 346 553
34 62 116 297
34 63 131 250
34 64 998 684
34 65 470 361
34 66 331 290
34 67 418 811
34 68 293 289
34 69 505 756
34 70 528 612
34 71 400 149
34 72 688 495
34 73 239 481
34 74 868 952
34 75 630 212
34 76 761 673
34 77 930 852
34 78 252 102
34 79 552 200
34 80 58 655
34 81 178 262
34 82 380 135
34 83 247 691
34 84 320 285
34 85 572 347
34 86 202 493
34 87 736 354
34 88 362 457
34 89 659 870
34 90 361 531
34 91 590 622
34 92 853 629
34 93 139 61
34 94 472 441
34 95 779 408
34 96 253 630
34 97 741 359
34 98 658 689
34 99 940 899
35 36 900 515
35 37 115 428
35 38 15 126
35 39 252 689
35 40 909 289
35 41 516 850
35 42 250 180
35 43 740 464
35 44 519 204
35 45 786 668
35 46 65 442
35 47 441 464
35 48 639 336
35 49 122 301
35 50 385 463
35 51 494 848
35 52 957 639
35 53 564 680
35 54 759 256
35 55 319 784
35 56 34 305
35 57 656 298
35 58 781 743
35 59 259 715
35 60 422 313
35 61 17 277
35 62 535 421
35 63 236 530
35 64 543 790
35 65 476 629
35 66 101 302
35 67 978 834
35 68 455 341
35 69 66 605
35 70 611 437
35 71 371 777
35 72 218 299
35 73 807 851
35 74 760 451
35 75 933 680
35 76 610 228
35 77 256 205
35 78 685 886
35 79 508 345
35 80 80 337
35 81 161 338
35 82 805 746
35 83 253 699
35 84 253 494
35 85 663 397
35 86 819 289
35 87 813 733
35 88 678 358
35 89 866 498
35 90 451 153
35 91 115 39
35 92 429 169
35 93 902 290
35 94 580 719
35 95 139 729
35 96 919 667
35 97 32 698
35 98 375 479
35 99 359 544
36 37 620 481
36 38 914 332
36 39 633 475
36 40 972 963
36 41 754 905
36 42 979 388
36 43 928 327
36 44 674 350
36 45 813 325
36 46 740 741
36 47 423 503
36 48 795 366
36 49 507 823
36 50 831 767
36 51 554 348
36 52 413 319
36 53 765 504
36 54 9 10
36 55 973 788
36 56 944 704
36 57 993 389
36 58 768 273
36 59 201 463
36 60 682 361
36 61 975 754
36 62 710 377
36 63 839 533
36 64 138 461
36 65 688 583
36 66 704 251
36 67 782 559
36 68 740 874
36 69 593 437
36 70 189 65
36 71 48 207
36 72 903 656
36 73 165 694
36 74 201 610
36 75 59 498
36 76 250 452
36 77 887 431
36 78 877 712
36 79 838 515
36 80 757 556
36 81 574 694
36 82 985 443
36 83 857 697
36 84 755 547
36 85 697 733
36 86 454 702
36 87 387 199
36 88 78 329
36 89 898 290
36 90 163 171
36 91 92 561
36 92 737 596
36 93 606 678
36 94 589 730
36 95 762 478
36 96 100 711
36 97 242 107
36 98 796 790
36 99 543 804
37 38 778 377
37 39 978 516
37 40 403 518
37 41 66 301
37 42 261 426
37 43 185 535
37 44 434 390
37 45 154 745
37 46 290 248
37 47 707 278
37 48 238 684
37 49 427 667
37 50 225 316
37 51 319 148
37 52 465 165
37 53 864 751
37 54 34 400
37 55 130 602
37 56 689 406
37 57 663 628
37 58 848 863
37 59 123 336
37 60 428 242
37 61 40 425
37 62 134 340
37 63 853 922
37 64 881 531
37 65 211 498
37 66 292 574
37 67 332 435
37 68 393 769
37 69 134 423
37 70 811 547
37 71 759 747
37 72 665 401
37 73 768 633
37 74 826 453
37 75 639 269
37 76 96 111
37 77 502 205
37 78 504 220
37 79 166 83
37 80 924 502
37 81 110 276
37 82 352 702
37 83 637 861
37 84 436 545
37 85 736 904
37 86 463 647
37 87 166 364
37 88 211 378
37 89 573 666
37 90 826 870
37 91 339 445
37 92 144 135
37 93 957 442
37 94 97 80
37 95 313 263
37 96 182 278
37 97 518 328
37 98 644 780
37 99 180 67
38 39 704 385
38 40 669 644
38 41 856 368
38 42 427 478
38 43 233 624
38 44 629 319
38 45 648 592
38 46 834 617
38 47 545 541
38 48 129 640
38 49 824 677
38 50 560 331
38 51 651 564
38 52 863 398
38 53 631 609
38 54 142 447
38 55 292 549
38 56 344 644
38 57 686 521
38 58 928 496
38 59 553 368
38 60 846 318
38 61 267 575
38 62 758 392
38 63 872 631
38 64 270 512
38 65 605 414
38 66 132 57
38 67 504 333
38 68 778 841
38 69 386 309
38 70 540 479
38 71 469 363
38 72 175 711
38 73 583 241
38 74 115 424
38 75 358 519
38 76 26 90
38 77 229 257
38 78 561 377
38 79 731 238
38 80 311 108
38 81 954 701
38 82 302 438
38 83 411 383
38 84 314 324
38 85 549 851
38 86 673 643
38 87 794 249
38 88 737 310
38 89 178 241
38 90 67 462
38 91 399 405
38 92 189 384
38 93 429 277
38 94 32 43
38 95 785 533
38 96 136 118
38 97 869 323
38 98 839 532
38 99 508 650
39 40 872 545
39 41 461 145
39 42 735 756
39 43 605 370
39 44 254 242
39 45 485 813
39 46 218 246
39 47 982 831
39 48 685 853
39 49 811 410
39 50 335 487
39 51 784 854
39 52 878 902
39 53 812 728
39 54 163 143
39 55 353 154
39 56 383 507
39 57 372 206
39 58 751 509
39 59 15 220
39 60 454 496
39 61 348 776
39 62 122 655
39 63 158 695
39 64 403 584
39 65 222 748
39 66 587 433
39 67 476 550
39 68 339 309
39 69 33 197
39 70 217 492
39 71 686 672
39 72 672 764
39 73 885 539
39 74 65 144
39 75 735 890
39 76 502 779
39 77 158 122
39 78 616 626
39 79 364 766
39 80 57 245
39 81 103 355
39 82 920 805
39 83 986 652
39 84 241 471
39 85 789 693
39 86 279 623
39 87 517 469
39 88 551 778
39 89 114 629
39 90 125 80
39 91 441 701
39 92 280 676
39 93 397 233
39 94 691 882
39 95 49 374
39 96 979 830
39 97 98 533
39 98 202 559
39 99 134 602
40 41 473 512
40 42 351 538
40 43 600 555
40 44 71 222
40 45 821 666
40 46 376 231
40 47 710 269
40 48 845 916
40 49 603 480
40 50 14 182
40 51 966 354
40 52 846 332
40 53 773 430
40 54 956 593
40 55 629 209
40 56 228 144
40 57 271 638
40 58 89 206
40 59 563 827
40 60 55 297
40 61 224 631
40 62 843 685
40 63 607 552
40 64 19 330
40 65 129 539
40 66 869 674
40 67 850 735
40 68 357 714
40 69 629 687
40 70 225 517
40 71 103 122
40 72 191 164
40 73 509 360
40 74 594 273
40 75 193 343
40 76 328 630
40 77 788 889
40 78 637 824
40 79 965 689
40 80 39 160
40 81 671 829
40 82 771 709
40 83 868 424
40 84 255 170
40 85 421 666
40 86 209 576
40 87 199 577
40 88 243 642
40 89 441 711
40 90 712 637
40 91 77 638
40 92 891 829
40 93 476 149
40 94 10 452
40 95 869 546
40 96 565 726
40 97 476 339
40 98 123 715
40 99 757 657
41 42 318 779
41 43 210 145
41 44 266 641
41 45 765 589
41 46 308 422
41 47 361 266
41 48 373 267
41 49 529 355
41 50 89 290
41 51 289 250
41 52 373 555
41 53 120 327
41 54 292 652
41 55 832 944
41 56 802 365
41 57 207 490
41 58 467 655
41 59 619 289
41 60 890 917
41 61 480 232
41 62 564 588
41 63 480 621
41 64 662 564
41 65 660 383
41 66 359 238
41 67 744 354
41 68 621 378
41 69 679 835
41 70 844 361
41 71 756 313
41 72 424 289
41 73 979 740
41 74 680 388
41 75 643 703
41 76 599 682
41 77 61 440
41 78 880 661
41 79 573 233
41 80 686 398
41 81 496 233
41 82 361 221
41 83 272 501
41 84 805 537
41 85 896 626
41 86 963 623
41 87 935 613
41 88 368 803
41 89 992 413
41 90 721 905
41 91 384 390
41 92 396 746
41 93 508 616
41 94 931 643
41 95 134 47
41 96 754 876
41 97 66 395
41 98 683 532
41 99 938 369
42 43 364 735
42 44 755 594
42 45 890 627
42 46 627 684
42 47 497 607
42 48 602 842
42 49 996 725
42 50 279 479
42 51 918 608
42 52 57 488
42 53 925 611
42 54 360 217
42 55 785 932
42 56 720 370
42 57 618 720
42 58 511 788
42 59 623 733
42 60 827 386
42 61 745 876
42 62 407 194
42 63 437 392
42 64 89 505
42 65 174 531
42 66 872 631
42 67 383 720
42 68 774 732
42 69 885 910
42 70 495 183
42 71 430 597
42 72 509 646
42 73 684 244
42 74 449 795
42 75 813 874
42 76 327 452
42 77 211 79
42 78 896 780
42 79 159 198
42 80 877 796
42 81 184 308
42 82 720 294
42 83 80 464
42 84 514 346
42 85 566 719
42 86 961 782
42 87 634 477
42 88 124 710
42 89 978 412
42 90 830 470
42 91 734 442
42 92 836 861
42 93 906 350
42 94 799 284
42 95 915 660
42 96 683 849
42 97 579 722
42 98 527 242
42 99 314 180
43 44 587 818
43 45 775 771
43 46 325 684
43 47 424 806
43 48 511 601
43 49 505 534
43 50 478 211
43 51 51 253
43 52 349 771
43 53 802 829
43 54 790 514
43 55 876 316
43 56 229 288
43 57 104 476
43 58 816 899
43 59 259 242
43 60 588 283
43 61 4 349
43 62 425 184
43 63 227 609
43 64 403 551
43 65 390 168
43 66 499 287
43 67 274 418
43 68 764 379
43 69 647 285
43 70 952 392
43 71 959 703
43 72 468 718
43 73 447 510
43 74 194 262
43 75 921 813
43 76 523 798
43 77 804 877
43 78 132 122
43 79 697 586
43 80 642 214
43 81 323 389
43 82 0 243
43 83 922 846
43 84 432 453
43 85 117 560
43 86 259 437
43 87 541 768
43 88 59 704
43 89 835 865
43 90 578 499
43 91 213 434
43 92 910 403
43 93 966 914
43 94 80 640
43 95 869 576
43 96 388 657
43 97 588 450
43 98 997 771
43 99 645 707
44 45 403 205
44 46 361 256
44 47 877 280
44 48 400 601
44 49 167 247
44 50 611 672
44 51 944 319
44 52 800 711
44 53 202 575
44 54 454 749
44 55 435 791
44 56 45 142
44 57 522 718
44 58 56 370
44 59 432 549
44 60 765 705
44 61 347 669
44 62 851 951
44 63 226 655
44 64 983 864
44 65 222 300
44 66 959 751
44 67 857 321
44 68 164 195
44 69 220 290
44 70 139 701
44 71 627 795
44 72 455 521
44 73 793 820
44 74 405 698
44 75 875 883
44 76 916 399
44 77 404 404
44 78 6 158
44 79 890 584
44 80 328 624
44 81 812 929
44 82 730 701
44 83 919 953
44 84 497 589
44 85 630 503
44 86 966 726
44 87 658 722
44 88 353 275
44 89 918 922
44 90 175 726
44 91 64 680
44 92 930 779
44 93 187 393
44 94 477 459
44 95 537 235
44 96 680 511
44 97 525 755
44 98 649 814
44 99 72 95
45 46 394 503
45 47 589 617
45 48 807 328
45 49 472 616
45 50 278 729
45 51 691 298
45 52 955 694
45 53 584 515
45 54 250 540
45 55 935 638
45 56 620 799
45 57 92 461
45 58 87 341
45 59 708 479
45 60 279 443
45 61 600 397
45 62 29 221
45 63 853 704
45 64 110 454
45 65 627 285
45 66 225 523
45 67 719 353
45 68 872 818
45 69 105 224
45 70 377 334
45 71 33 525
45 72 680 594
45 73 726 793
45 74 377 144
45 75 819 887
45 76 752 235
45 77 452 798
45 78 455 223
45 79 778 328
45 80 898 899
45 81 252 426
45 82 763 809
45 83 904 870
45 84 787 353
45 85 409 501
45 86 74 501
45 87 774 590
45 88 60 277
45 89 246 362
45 90 188 467
45 91 115 378
45 92 293 601
45 93 567 844
45 94 848 771
45 95 351 782
45 96 743 581
45 97 193 409
45 98 294 530
45 99 827 283
46 47 334 601
46 48 293 458
46 49 555 432
46 50 666 276
46 51 672 625
46 52 323 180
46 53 432 533
46 54 439 645
46 55 327 474
46 56 12 595
46 57 943 597
46 58 906 394
46 59 510 610
46 60 762 503
46 61 35 552
46 62 434 818
46 63 418 410
46 64 951 660
46 65 451 179
46 66 180 116
46 67 17 462
46 68 646 817
46 69 353 763
46 70 574 312
46 71 75 391
46 72 805 754
46 73 518 489
46 74 900 918
46 75 93 347
46 76 324 717
46 77 932 622
46 78 110 593
46 79 771 740
46 80 531 454
46 81 621 712
46 82 291 777
46 83 746 675
46 84 867 437
46 85 733 905
46 86 715 694
46 87 586 624
46 88 782 756
46 89 679 221
46 90 43 145
46 91 204 575
46 92 103 323
46 93 812 737
46 94 893 328
46 95 217 580
46 96 734 231
46 97 386 708
46 98 673 519
46 99 206 265
47 48 863 419
47 49 543 261
47 50 720 596
47 51 11 482
47 52 542 862
47 53 574 697
47 54 994 393
47 55 121 714
47 56 195 494
47 57 985 766
47 58 921 507
47 59 288 453
47 60 149 397
47 61 183 381
47 62 608 574
47 63 631 469
47 64 117 652
47 65 984 847
47 66 655 241
47 67 352 164
47 68 881 848
47 69 493 836
47 70 300 214
47 71 269 277
47 72 322 734
47 73 68 402
47 74 524 518
47 75 618 451
47 76 718 397
47 77 127 366
47 78 504 635
47 79 853 308
47 80 212 421
47 81 494 691
47 82 15 566
47 83 544 692
47 84 866 682
47 85 909 906
47 86 567 202
47 87 741 304
47 88 555 349
47 89 656 784
47 90 937 542
47 91 855 399
47 92 211 290
47 93 524 700
47 94 44 632
47 95 960 626
47 96 46 463
47 97 525 313
47 98 721 396
47 99 226 148
48 49 545 438
48 50 861 957
48 51 368 177
48 52 754 836
48 53 488 245
48 54 378 796
48 55 882 775
48 56 707 449
48 57 968 858
48 58 975 929
48 59 495 824
48 60 786 704
48 61 212 330
48 62 360 431
48 63 300 561
48 64 109 199
48 65 59 417
48 66 316 259
48 67 754 426
48 68 254 763
48 69 671 812
48 70 727 618
48 71 462 285
48 72 616 378
48 73 826 548
48 74 226 141
48 75 286 636
48 76 888 676
48 77 917 467
48 78 729 735
48 79 976 964
48 80 25 324
48 81 18 386
48 82 637 201
48 83 345 776
48 84 538 641
48 85 870 462
48 86 611 203
48 87 413 381
48 88 88 543
48 89 680 850
48 90 201 325
48 91 229 733
48 92 234 392
48 93 732 577
48 94 135 129
48 95 663 376
48 96 636 467
48 97 386 150
48 98 638 292
48 99 215 495
49 50 122 713
49 51 184 608
49 52 285 355
49 53 972 550
49 54 800 383
49 55 909 774
49 56 676 486
49 57 279 212
49 58 896 390
49 59 652 668
49 60 457 542
49 61 295 150
49 62 147 145
49 63 635 304
49 64 86 650
49 65 72 590
49 66 190 748
49 67 907 745
49 68 292 362
49 69 425 824
49 70 725 892
49 71 756 773
49 72 456 419
49 73 403 230
49 74 642 587
49 75 679 314
49 76 205 568
49 77 928 670
49 78 933 396
49 79 354 408
49 80 303 117
49 81 838 357
49 82 980 407
49 83 221 173
49 84 364 712
49 85 177 750
49 86 792 454
49 87 972 681
49 88 516 306
49 89 140 716
49 90 847 929
49 91 763 804
49 92 271 772
49 93 326 458
49 94 530 651
49 95 250 419
49 96 709 274
49 97 457 267
49 98 358 759
49 99 602 740
50 51 942 366
50 52 850 376
50 53 319 515
50 54 619 860
50 55 594 528
50 56 670 274
50 57 896 826
50 58 168 262
50 59 199 585
50 60 48 654
50 61 703 684
50 62 406 449
50 63 37 204
50 64 641 521
50 65 581 417
50 66 662 824
50 67 31 650
50 68 418 318
50 69 125 530
50 70 642 669
50 71 609 547
50 72 72 647
50 73 834 311
50 74 521 488
50 75 329 456
50 76 345 329
50 77 957 616
50 78 602 499
50 79 308 617
50 80 79 324
50 81 597 498
50 82 772 535
50 83 161 504
50 84 239 377
50 85 443 729
50 86 988 880
50 87 48 610
50 88 522 744
50 89 183 592
50 90 809 518
50 91 293 750
50 92 203 480
50 93 578 256
50 94 849 526
50 95 458 708
50 96 824 729
50 97 485 439
50 98 17 154
50 99 531 330
51 52 886 701
51 53 206 238
51 54 835 892
51 55 986 800
51 56 736 859
51 57 87 624
51 58 931 937
51 59 28 456
51 60 21 227
51 61 228 427
51 62 221 196
51 63 754 474
51 64 204 237
51 65 88 503
51 66 385 507
51 67 325 431
51 68 448 564
51 69 310 770
51 70 375 367
51 71 120 123
51 72 203 738
51 73 241 106
51 74 868 787
51 75 727 485
51 76 854 452
51 77 97 561
51 78 703 828
51 79 781 293
51 80 958 340
51 81 483 804
51 82 813 818
51 83 678 221
51 84 933 385
51 85 538 739
51 86 126 256
51 87 130 304
51 88 305 291
51 89 773 304
51 90 357 486
51 91 985 459
51 92 889 301
51 93 671 727
51 94 846 459
51 95 729 678
51 96 303 786
51 97 424 314
51 98 175 715
51 99 985 778
52 53 421 479
52 54 189 202
52 55 643 604
52 56 208 448
52 57 807 667
52 58 546 372
52 59 962 485
52 60 173 629
52 61 405 297
52 62 52 380
52 63 649 660
52 64 947 569
52 65 232 459
52 66 868 691
52 67 552 598
52 68 139 397
52 69 34 419
52 70 240 159
52 71 524 537
52 72 344 284
52 73 8 57
52 74 968 319
52 75 680 553
52 76 227 413
52 77 668 739
52 78 615 609
52 79 184 380
52 80 573 616
52 81 30 598
52 82 327 250
52 83 969 845
52 84 62 615
52 85 587 739
52 86 535 248
52 87 919 282
52 88 739 564
52 89 159 331
52 90 398 731
52 91 88 442
52 92 517 547
52 93 42 28
52 94 130 372
52 95 696 795
52 96 787 318
52 97 756 348
52 98 503 563
52 99 401 456
53 54 972 880
53 55 463 735
53 56 259 357
53 57 992 764
53 58 535 857
53 59 224 557
53 60 609 498
53 61 579 726
53 62 108 657
53 63 396 430
53 64 960 523
53 65 822 920
53 66 568 735
53 67 327 163
53 68 357 651
53 69 11 16
53 70 910 473
53 71 785 865
53 72 133 336
53 73 973 861
53 74 731 793
53 75 1 660
53 76 203 366
53 77 12 69
53 78 590 513
53 79 399 405
53 80 552 519
53 81 294 117
53 82 770 474
53 83 578 649
53 84 863 475
53 85 923 605
53 86 870 396
53 87 887 924
53 88 667 402
53 89 702 859
53 90 465 738
53 91 932 504
53 92 640 786
53 93 135 724
53 94 11 84
53 95 942 715
53 96 705 760
53 97 799 516
53 98 722 422
53 99 857 742
54 55 117 677
54 56 74 589
54 57 89 435
54 58 129 697
54 59 440 815
54 60 412 295
54 61 863 370
54 62 807 406
54 63 314 323
54 64 984 363
54 65 942 432
54 66 155 294
54 67 392 747
54 68 966 709
54 69 972 733
54 70 813 635
54 71 516 610
54 72 211 722
54 73 508 164
54 74 452 486
54 75 718 610
54 76 509 339
54 77 234 301
54 78 475 475
54 79 179 515
54 80 238 439
54 81 256 695
54 82 956 801
54 83 36 69
54 84 871 593
54 85 543 689
54 86 850 615
54 87 19 137
54 88 959 773
54 89 755 854
54 90 313 717
54 91 221 525
54 92 582 759
54 93 930 854
54 94 57 667
54 95 26 502
54 96 351 778
54 97 964 728
54 98 392 689
54 99 393 779
55 56 733 282
55 57 522 284
55 58 108 312
55 59 248 730
55 60 115 393
55 61 844 636
55 62 570 693
55 63 118 300
55 64 720 634
55 65 643 469
55 66 62 265
55 67 279 230
55 68 585 197
55 69 98 593
55 70 393 170
55 71 903 645
55 72 916 698
55 73 357 766
55 74 312 657
55 75 115 331
55 76 383 437
55 77 721 878
55 78 966 422
55 79 827 905
55 80 543 363
55 81 988 418
55 82 252 730
55 83 634 567
55 84 557 196
55 85 283 780
55 86 840 516
55 87 971 969
55 88 971 445
55 89 538 560
55 90 507 470
55 91 617 336
55 92 555 271
55 93 431 278
55 94 699 305
55 95 794 423
55 96 556 221
55 97 187 545
55 98 266 474
55 99 643 508
56 57 85 33
56 58 868 297
56 59 567 418
56 60 981 475
56 61 180 312
56 62 41 501
56 63 866 899
56 64 591 689
56 65 502 506
56 66 218 243
56 67 510 823
56 68 141 429
56 69 899 858
56 70 395 285
56 71 570 698
56 72 346 375
56 73 360 192
56 74 787 262
56 75 241 203
56 76 945 425
56 77 918 385
56 78 626 475
56 79 277 687
56 80 220 393
56 81 583 179
56 82 471 573
56 83 881 760
56 84 564 616
56 85 781 882
56 86 278 388
56 87 474 430
56 88 701 544
56 89 709 439
56 90 577 787
56 91 34 490
56 92 534 714
56 93 176 750
56 94 796 478
56 95 139 620
56 96 299 344
56 97 575 859
56 98 95 492
56 99 416 478
57 58 512 668
57 59 240 652
57 60 777 764
57 61 824 879
57 62 704 372
57 63 108 414
57 64 461 536
57 65 651 419
57 66 945 946
57 67 874 678
57 68 294 473
57 69 109 273
57 70 79 464
57 71 447 732
57 72 677 315
57 73 813 747
57 74 149 421
57 75 611 610
57 76 447 537
57 77 509 555
57 78 754 376
57 79 307 703
57 80 659 787
57 81 830 408
57 82 446 312
57 83 111 206
57 84 653 787
57 85 944 548
57 86 889 503
57 87 131 450
57 88 644 623
57 89 855 447
57 90 776 740
57 91 429 131
57 92 674 808
57 93 284 349
57 94 523 647
57 95 235 640
57 96 263 96
57 97 804 810
57 98 253 305
57 99 754 299
58 59 215 579
58 60 882 576
58 61 508 344
58 62 194 291
58 63 662 271
58 64 523 574
58 65 374 431
58 66 890 468
58 67 646 408
58 68 465 687
58 69 157 508
58 70 354 261
58 71 323 101
58 72 804 728
58 73 616 709
58 74 457 436
58 75 444 672
58 76 314 383
58 77 986 457
58 78 885 776
58 79 239 603
58 80 561 392
58 81 357 126
58 82 380 464
58 83 304 776
58 84 673 430
58 85 85 151
58 86 904 823
58 87 44 72
58 88 692 280
58 89 682 900
58 90 148 734
58 91 429 439
58 92 641 882
58 93 491 306
58 94 85 180
58 95 784 517
58 96 823 310
58 97 574 721
58 98 490 323
58 99 851 690
59 60 2 281
59 61 303 679
59 62 577 432
59 63 452 554
59 64 877 801
59 65 794 262
59 66 377 676
59 67 650 511
59 68 948 691
59 69 547 692
59 70 620 464
59 71 459 142
59 72 67 544
59 73 983 305
59 74 923 495
59 75 177 593
59 76 155 742
59 77 999 960
59 78 753 571
59 79 982 515
59 80 602 641
59 81 795 498
59 82 596 479
59 83 33 264
59 84 873 895
59 85 137 522
59 86 578 376
59 87 821 589
59 88 751 564
59 89 942 792
59 90 134 336
59 91 494 683
59 92 866 746
59 93 79 487
59 94 499 411
59 95 752 847
59 96 437 568
59 97 29 430
59 98 615 767
59 99 702 866
60 61 786 901
60 62 787 831
60 63 503 252
60 64 247 308
60 65 48 225
60 66 526 634
60 67 382 596
60 68 338 356
60 69 120 294
60 70 643 380
60 71 232 562
60 72 239 215
60 73 87 267
60 74 737 430
60 75 437 685
60 76 201 314
60 77 456 255
60 78 391 153
60 79 914 779
60 80 988 793
60 81 238 249
60 82 433 407
60 83 446 546
60 84 651 826
60 85 116 687
60 86 245 426
60 87 810 541
60 88 264 581
60 89 354 320
60 90 411 690
60 91 788 502
60 92 587 487
60 93 805 909
60 94 872 746
60 95 202 637
60 96 684 779
60 97 107 368
60 98 913 361
60 99 527 587
61 62 110 534
61 63 152 667
61 64 226 724
61 65 460 352
61 66 691 772
61 67 263 134
61 68 262 701
61 69 280 217
61 70 31 393
61 71 224 233
61 72 264 594
61 73 886 787
61 74 135 109
61 75 378 758
61 76 69 449
61 77 819 835
61 78 947 916
61 79 67 152
61 80 556 664
61 81 614 571
61 82 357 301
61 83 399 799
61 84 278 456
61 85 749 603
61 86 85 210
61 87 691 606
61 88 351 342
61 89 582 618
61 90 9 319
61 91 134 681
61 92 107 514
61 93 465 782
61 94 533 757
61 95 666 302
61 96 468 519
61 97 163 389
61 98 896 585
61 99 200 397
62 63 3 668
62 64 592 498
62 65 850 498
62 66 97 329
62 67 598 349
62 68 461 235
62 69 795 445
62 70 242 240
62 71 191 57
62 72 814 390
62 73 668 762
62 74 21 302
62 75 606 276
62 76 767 260
62 77 666 338
62 78 413 479
62 79 144 559
62 80 37 22
62 81 728 380
62 82 721 844
62 83 826 830
62 84 892 670
62 85 233 598
62 86 217 726
62 87 319 739
62 88 6 369
62 89 147 172
62 90 667 684
62 91 155 379
62 92 78 695
62 93 430 435
62 94 277 640
62 95 455 258
62 96 286 487
62 97 14 478
62 98 592 699
62 99 79 110
63 64 917 347
63 65 352 264
63 66 102 57
63 67 685 428
63 68 642 838
63 69 917 658
63 70 22 526
63 71 925 436
63 72 63 70
63 73 151 206
63 74 745 580
63 75 405 802
63 76 711 422
63 77 774 488
63 78 883 573
63 79 816 707
63 80 926 750
63 81 767 873
63 82 68 465
63 83 161 545
63 84 978 714
63 85 808 400
63 86 135 727
63 87 170 307
63 88 840 489
63 89 63 378
63 90 457 355
63 91 626 676
63 92 529 850
63 93 39 665
63 94 248 645
63 95 583 502
63 96 124 711
63 97 567 795
63 98 983 664
63 99 612 204
64 65 23 247
64 66 116 180
64 67 990 553
64 68 831 447
64 69 212 744
64 70 165 516
64 71 693 853
64 72 872 535
64 73 64 606
64 74 926 618
64 75 245 82
64 76 582 456
64 77 140 345
64 78 488 266
64 79 401 466
64 80 678 866
64 81 784 927
64 82 412 816
64 83 859 403
64 84 965 980
64 85 315 602
64 86 755 310
64 87 671 610
64 88 730 812
64 89 527 830
64 90 101 127
64 91 488 369
64 92 792 352
64 93 985 450
64 94 356 280
64 95 927 948
64 96 91 33
64 97 927 348
64 98 560 346
64 99 977 607
65 66 5 152
65 67 877 665
65 68 624 886
65 69 65 205
65 70 396 283
65 71 815 864
65 72 104 587
65 73 433 142
65 74 617 799
65 75 859 469
65 76 10 414
65 77 740 806
65 78 762 725
65 79 640 607
65 80 868 698
65 81 896 893
65 82 553 535
65 83 177 54
65 84 638 363
65 85 654 332
65 86 66 23
65 87 216 670
65 88 475 500
65 89 943 907
65 90 913 584
65 91 995 913
65 92 829 554
65 93 533 783
65 94 59 563
65 95 68 452
65 96 359 318
65 97 264 319
65 98 861 856
65 99 707 742
66 67 669 892
66 68 213 466
66 69 195 91
66 70 296 156
66 71 172 401
66 72 949 958
66 73 527 468
66 74 247 141
66 75 25 605
66 76 601 272
66 77 557 609
66 78 599 510
66 79 254 736
66 80 666 748
66 81 565 497
66 82 354 262
66 83 588 745
66 84 95 682
66 85 842 359
66 86 324 155
66 87 889 823
66 88 51 182
66 89 645 527
66 90 44 307
66 91 77 396
66 92 942 589
66 93 782 439
66 94 152 552
66 95 667 854
66 96 861 618
66 97 41 503
66 98 875 567
66 99 571 208
67 68 228 682
67 69 177 648
67 70 568 634
67 71 384 337
67 72 358 381
67 73 449 634
67 74 438 384
67 75 828 407
67 76 611 816
67 77 124 552
67 78 138 373
67 79 711 669
67 80 468 569
67 81 556 648
67 82 499 159
67 83 543 177
67 84 858 658
67 85 59 702
67 86 732 366
67 87 493 734
67 88 204 305
67 89 635 719
67 90 706 264
67 91 887 651
67 92 541 601
67 93 40 245
67 94 531 414
67 95 803 593
67 96 644 467
67 97 604 376
67 98 195 424
67 99 158 396
68 69 716 264
68 70 557 232
68 71 879 346
68 72 587 809
68 73 74 65
68 74 118 497
68 75 536 232
68 76 729 706
68 77 786 735
68 78 138 404
68 79 194 715
68 80 271 688
68 81 773 258
68 82 238 265
68 83 640 264
68 84 986 518
68 85 295 555
68 86 302 169
68 87 150 632
68 88 951 291
68 89 800 926
68 90 368 678
68 91 110 81
68 92 683 703
68 93 212 566
68 94 670 365
68 95 231 129
68 96 57 114
68 97 853 889
68 98 773 688
68 99 166 172
69 70 328 106
69 71 792 768
69 72 855 728
69 73 922 645
69 74 258 479
69 75 76 211
69 76 29 619
69 77 501 212
69 78 441 189
69 79 492 211
69 80 380 171
69 81 167 273
69 82 147 548
69 83 866 836
69 84 425 679
69 85 799 357
69 86 562 472
69 87 810 505
69 88 178 476
69 89 896 797
69 90 110 294
69 91 179 705
69 92 419 754
69 93 356 389
69 94 186 361
69 95 159 191
69 96 278 160
69 97 278 746
69 98 613 762
69 99 35 132
70 71 48 241
70 72 620 497
70 73 377 621
70 74 824 783
70 75 458 327
70 76 574 762
70 77 365 414
70 78 425 715
70 79 332 410
70 80 824 769
70 81 295 130
70 82 567 596
70 83 28 190
70 84 477 811
70 85 564 546
70 86 943 424
70 87 578 282
70 88 250 268
70 89 909 438
70 90 920 596
70 91 349 635
70 92 543 200
70 93 318 561
70 94 791 379
70 95 592 347
70 96 955 727
70 97 315 260
70 98 693 616
70 99 890 372
71 72 318 725
71 73 449 301
71 74 254 708
71 75 46 606
71 76 39 696
71 77 236 170
71 78 858 683
71 79 617 635
71 80 944 387
71 81 173 78
71 82 418 787
71 83 354 588
71 84 523 523
71 85 288 710
71 86 349 112
71 87 442 218
71 88 636 464
71 89 216 635
71 90 952 797
71 91 994 996
71 92 310 551
71 93 279 609
71 94 100 463
71 95 510 469
71 96 725 485
71 97 760 909
71 98 67 514
71 99 697 598
72 73 168 539
72 74 347 764
72 75 214 280
72 76 484 344
72 77 869 471
72 78 442 732
72 79 266 586
72 80 592 647
72 81 255 236
72 82 753 482
72 83 525 228
72 84 327 274
72 85 289 772
72 86 856 263
72 87 192 683
72 88 99 292
72 89 172 134
72 90 547 264
72 91 859 728
72 92 382 674
72 93 988 333
72 94 918 292
72 95 193 147
72 96 610 758
72 97 447 149
72 98 715 503
72 99 999 887
73 74 944 327
73 75 692 737
73 76 557 751
73 77 642 809
73 78 924 720
73 79 7 558
73 80 888 576
73 81 397 130
73 82 94 104
73 83 929 855
73 84 34 486
73 85 348 397
73 86 726 904
73 87 514 599
73 88 729 363
73 89 719 388
73 90 770 709
73 91 636 204
73 92 884 510
73 93 546 347
73 94 141 624
73 95 130 340
73 96 238 657
73 97 417 383
73 98 418 286
73 99 58 177
74 75 191 341
74 76 718 585
74 77 358 333
74 78 326 792
74 79 764 610
74 80 200 128
74 81 254 128
74 82 598 423
74 83 385 216
74 84 138 531
74 85 180 81
74 86 447 632
74 87 511 753
74 88 536 632
74 89 42 551
74 90 67 86
74 91 248 359
74 92 802 920
74 93 824 868
74 94 708 381
74 95 488 407
74 96 656 363
74 97 213 679
74 98 776 519
74 99 950 878
75 76 295 192
75 77 925 883
75 78 629 233
75 79 675 846
75 80 600 763
75 81 859 556
75 82 417 656
75 83 296 480
75 84 382 423
75 85 544 469
75 86 627 602
75 87 7 662
75 88 951 703
75 89 327 146
75 90 439 719
75 91 259 252
75 92 357 170
75 93 879 493
75 94 423 703
75 95 667 544
75 96 897 601
75 97 579 220
75 98 658 603
75 99 699 355
76 77 921 844
76 78 395 608
76 79 777 906
76 80 543 782
76 81 325 693
76 82 792 689
76 83 457 192
76 84 596 287
76 85 246 107
76 86 196 394
76 87 325 194
76 88 901 665
76 89 163 148
76 90 100 524
76 91 446 211
76 92 649 563
76 93 2 496
76 94 332 576
76 95 49 17
76 96 931 612
76 97 816 307
76 98 743 303
76 99 182 706
77 78 724 533
77 79 945 596
77 80 45 269
77 81 714 816
77 82 923 318
77 83 31 589
77 84 27 207
77 85 633 600
77 86 29 395
77 87 525 271
77 88 4 297
77 89 800 880
77 90 800 271
77 91 586 643
77 92 706 447
77 93 739 525
77 94 14 649
77 95 788 830
77 96 450 778
77 97 453 441
77 98 67 593
77 99 664 601
78 79 560 519
78 80 220 209
78 81 743 481
78 82 344 159
78 83 752 365
78 84 780 245
78 85 412 238
78 86 786 483
78 87 882 274
78 88 59 182
78 89 747 909
78 90 635 530
78 91 930 458
78 92 101 290
78 93 436 168
78 94 348 464
78 95 918 589
78 96 721 618
78 97 380 578
78 98 574 615
78 99 486 305
79 80 857 265
79 81 938 577
79 82 549 747
79 83 461 545
79 84 904 886
79 85 446 459
79 86 284 109
79 87 847 920
79 88 676 734
79 89 102 707
79 90 927 481
79 91 149 692
79 92 830 814
79 93 824 249
79 94 657 829
79 95 307 209
79 96 767 406
79 97 401 207
79 98 770 817
79 99 18 145
80 81 485 737
80 82 543 565
80 83 71 692
80 84 573 652
80 85 18 314
80 86 944 488
80 87 957 380
80 88 31 658
80 89 314 624
80 90 430 165
80 91 129 83
80 92 984 740
80 93 188 687
80 94 136 721
80 95 442 138
80 96 669 647
80 97 689 509
80 98 30 249
80 99 446 670
81 82 817 467
81 83 416 739
81 84 633 833
81 85 102 654
81 86 547 648
81 87 909 948
81 88 407 480
81 89 232 265
81 90 110 636
81 91 684 740
81 92 763 817
81 93 212 66
81 94 799 368
81 95 553 182
81 96 781 521
81 97 600 453
81 98 790 328
81 99 218 565
82 83 197 99
82 84 384 560
82 85 793 539
82 86 506 791
82 87 312 309
82 88 635 375
82 89 780 866
82 90 358 515
82 91 952 813
82 92 12 611
82 93 494 658
82 94 196 656
82 95 825 373
82 96 303 426
82 97 739 841
82 98 909 962
82 99 371 623
83 84 622 631
83 85 521 496
83 86 811 688
83 87 821 327
83 88 22 359
83 89 837 647
83 90 610 465
83 91 164 541
83 92 616 253
83 93 281 386
83 94 416 244
83 95 911 623
83 96 526 617
83 97 548 694
83 98 882 443
83 99 3 226
84 85 942 499
84 86 238 679
84 87 85 227
84 88 883 352
84 89 915 326
84 90 456 415
84 91 166 736
84 92 204 514
84 93 796 871
84 94 729 340
84 95 294 677
84 96 897 611
84 97 136 457
84 98 899 499
84 99 382 580
85 86 676 508
85 87 148 293
85 88 972 675
85 89 416 207
85 90 7 30
85 91 419 665
85 92 210 599
85 93 714 909
85 94 431 744
85 95 91 118
85 96 356 569
85 97 154 696
85 98 176 537
85 99 172 459
86 87 409 686
86 88 782 833
86 89 682 305
86 90 471 407
86 91 55 166
86 92 866 631
86 93 202 609
86 94 871 831
86 95 768 462
86 96 307 693
86 97 877 615
86 98 932 319
86 99 918 627
87 88 159 493
87 89 953 904
87 90 916 924
87 91 226 416
87 92 832 770
87 93 997 597
87 94 386 468
87 95 754 413
87 96 410 811
87 97 275 635
87 98 479 448
87 99 314 373
88 89 496 527
88 90 501 272
88 91 203 72
88 92 560 667
88 93 17 516
88 94 489 714
88 95 445 825
88 96 462 445
88 97 471 509
88 98 300 429
88 99 243 672
89 90 881 563
89 91 475 242
89 92 314 582
89 93 491 672
89 94 204 420
89 95 822 272
89 96 370 667
89 97 318 682
89 98 327 573
89 99 571 668
90 91 685 388
90 92 423 694
90 93 501 509
90 94 775 266
90 95 146 599
90 96 259 612
90 97 65 643
90 98 91 464
90 99 275 757
91 92 571 258
91 93 129 95
91 94 164 140
91 95 174 55
91 96 272 149
91 97 921 520
91 98 715 900
91 99 368 806
92 93 222 480
92 94 129 297
92 95 529 593
92 96 565 647
92 97 482 360
92 98 845 445
92 99 95 247
93 94 547 241
93 95 830 523
93 96 338 475
93 97 150 127
93 98 977 526
93 99 616 446
94 95 830 554
94 96 35 611
94 97 922 343
94 98 391 657
94 99 41 623
95 96 145 417
95 97 399 403
95 98 603 512
95 99 948 350
96 97 48 92
96 98 206 330
96 99 258 556
97 98 950 416
97 99 280 595
98 99 718 818
