29
0 1 30 30
0 2 0 970
0 3 979 987
0 4 60 61
0 5 84 43
0 6 63 58
0 7 72 33
0 8 81 100
0 9 104 100
0 10 111 122
0 11 82 63
0 12 51 111
0 13 69 32
0 14 74 93
0 15 110 122
0 16 116 59
0 17 32 125
0 18 120 121
0 19 85 71
0 20 39 87
0 21 114 56
0 22 61 84
0 23 31 76
0 24 50 107
0 25 94 115
0 26 125 52
0 27 88 112
0 28 36 32
0 29 109 111
0 30 78 111
0 31 67 41
0 32 38 105
0 33 79 32
0 34 99 114
0 35 87 70
0 36 49 32
0 37 36 43
0 38 104 84
0 39 70 47
0 40 43 78
0 41 83 115
0 42 124 114
0 43 90 75
0 44 70 34
0 45 122 82
0 46 107 67
0 47 40 115
0 48 106 48
0 49 99 74
1 2 970 0
1 3 974 972
1 4 107 100
1 5 112 57
1 6 111 122
1 7 72 113
1 8 92 43
1 9 57 94
1 10 48 74
1 11 95 39
1 12 104 106
1 13 69 74
1 14 62 63
1 15 36 76
1 16 80 81
1 17 64 94
1 18 51 89
1 19 31 52
1 20 109 121
1 21 112 108
1 22 67 124
1 23 112 103
1 24 123 68
1 25 91 48
1 26 106 73
1 27 94 101
1 28 46 42
1 29 34 115
1 30 38 116
1 31 85 97
1 32 47 76
1 33 75 102
1 34 49 82
1 35 113 38
1 36 93 107
1 37 89 48
1 38 122 72
1 39 31 62
1 40 66 31
1 41 68 61
1 42 61 55
1 43 53 67
1 44 109 84
1 45 92 76
1 46 103 101
1 47 34 114
1 48 116 76
1 49 68 63
2 3 990 998
2 4 44 88
2 5 80 96
2 6 49 51
2 7 97 54
2 8 68 106
2 9 102 124
2 10 39 45
2 11 69 116
2 12 114 106
2 13 96 110
2 14 72 98
2 15 78 91
2 16 70 57
2 17 92 112
2 18 51 45
2 19 81 90
2 20 50 59
2 21 51 50
2 22 96 100
2 23 36 119
2 24 85 60
2 25 103 104
2 26 102 49
2 27 72 81
2 28 70 96
2 29 55 107
2 30 46 102
2 31 87 77
2 32 38 44
2 33 78 112
2 34 49 118
2 35 40 54
2 36 92 118
2 37 87 102
2 38 115 86
2 39 66 113
2 40 85 114
2 41 96 106
2 42 77 81
2 43 69 104
2 44 35 79
2 45 112 73
2 46 119 102
2 47 61 107
2 48 34 120
2 49 103 116
3 4 90 52
3 5 37 111
3 6 47 120
3 7 55 49
3 8 37 122
3 9 51 34
3 10 102 90
3 11 40 63
3 12 48 31
3 13 76 113
3 14 93 78
3 15 75 124
3 16 90 79
3 17 124 80
3 18 37 119
3 19 76 96
3 20 86 95
3 21 63 66
3 22 43 91
3 23 35 96
3 24 77 95
3 25 107 73
3 26 71 99
3 27 61 33
3 28 111 62
3 29 67 55
3 30 60 124
3 31 68 70
3 32 31 101
3 33 121 105
3 34 83 54
3 35 79 119
3 36 116 52
3 37 50 65
3 38 85 76
3 39 100 40
3 40 122 105
3 41 63 45
3 42 73 122
3 43 49 95
3 44 99 115
3 45 101 93
3 46 94 47
3 47 105 57
3 48 55 113
3 49 68 104
4 5 970 999
4 6 994 997
4 7 991 984
4 8 45 59
4 9 104 39
4 10 50 39
4 11 96 120
4 12 35 54
4 13 95 109
4 14 50 54
4 15 83 49
4 16 116 114
4 17 87 125
4 18 83 109
4 19 92 73
4 20 39 81
4 21 116 115
4 22 59 41
4 23 30 73
4 24 40 58
4 25 77 96
4 26 52 66
4 27 119 107
4 28 48 34
4 29 41 105
4 30 97 60
4 31 84 124
4 32 101 64
4 33 89 91
4 34 55 102
4 35 56 76
4 36 120 103
4 37 45 68
4 38 72 112
4 39 87 119
4 40 46 31
4 41 43 31
4 42 31 98
4 43 117 84
4 44 38 107
4 45 69 108
4 46 68 110
4 47 90 43
4 48 80 90
4 49 100 102
5 6 983 980
5 7 975 984
5 8 48 50
5 9 47 88
5 10 34 94
5 11 101 105
5 12 67 51
5 13 112 119
5 14 35 80
5 15 63 104
5 16 115 110
5 17 38 109
5 18 73 54
5 19 70 109
5 20 105 47
5 21 75 104
5 22 109 94
5 23 67 36
5 24 57 74
5 25 41 103
5 26 111 43
5 27 104 77
5 28 64 88
5 29 38 32
5 30 124 44
5 31 79 35
5 32 74 89
5 33 110 57
5 34 123 31
5 35 108 83
5 36 35 108
5 37 106 119
5 38 40 40
5 39 125 104
5 40 44 107
5 41 117 60
5 42 113 70
5 43 40 122
5 44 102 45
5 45 90 66
5 46 86 119
5 47 84 72
5 48 52 90
5 49 70 108
6 7 984 987
6 8 98 59
6 9 71 79
6 10 105 114
6 11 120 41
6 12 122 75
6 13 66 73
6 14 120 120
6 15 45 119
6 16 39 75
6 17 66 86
6 18 68 97
6 19 118 41
6 20 39 43
6 21 52 119
6 22 99 47
6 23 110 114
6 24 92 119
6 25 118 51
6 26 64 79
6 27 58 56
6 28 42 119
6 29 120 93
6 30 51 79
6 31 64 109
6 32 85 120
6 33 93 95
6 34 104 81
6 35 44 102
6 36 123 70
6 37 73 65
6 38 40 84
6 39 104 88
6 40 114 57
6 41 88 43
6 42 89 37
6 43 104 111
6 44 57 57
6 45 111 35
6 46 110 122
6 47 103 40
6 48 115 100
6 49 32 111
7 8 120 36
7 9 36 52
7 10 113 112
7 11 54 61
7 12 113 60
7 13 64 94
7 14 42 76
7 15 113 81
7 16 58 41
7 17 120 38
7 18 66 62
7 19 111 109
7 20 85 53
7 21 63 72
7 22 90 41
7 23 31 45
7 24 101 96
7 25 96 75
7 26 120 80
7 27 88 43
7 28 35 77
7 29 70 84
7 30 86 47
7 31 50 72
7 32 92 79
7 33 50 76
7 34 110 86
7 35 75 42
7 36 59 92
7 37 93 114
7 38 110 83
7 39 33 106
7 40 70 125
7 41 85 65
7 42 88 62
7 43 32 106
7 44 33 99
7 45 45 108
7 46 125 37
7 47 99 85
7 48 112 103
7 49 30 124
8 9 983 996
8 10 982 990
8 11 987 977
8 12 99 58
8 13 82 59
8 14 97 105
8 15 79 110
8 16 106 85
8 17 114 46
8 18 48 42
8 19 53 61
8 20 60 87
8 21 46 82
8 22 96 106
8 23 85 44
8 24 46 73
8 25 91 122
8 26 32 79
8 27 43 114
8 28 41 68
8 29 105 106
8 30 98 98
8 31 59 86
8 32 58 41
8 33 69 108
8 34 36 86
8 35 101 115
8 36 102 55
8 37 80 71
8 38 107 57
8 39 121 94
8 40 60 79
8 41 66 109
8 42 36 73
8 43 82 116
8 44 66 103
8 45 79 94
8 46 58 47
8 47 112 32
8 48 123 102
8 49 52 46
9 10 994 985
9 11 986 987
9 12 119 73
9 13 97 76
9 14 86 44
9 15 59 75
9 16 43 101
9 17 49 32
9 18 43 65
9 19 118 79
9 20 113 76
9 21 48 31
9 22 61 38
9 23 98 81
9 24 108 85
9 25 101 109
9 26 86 80
9 27 120 91
9 28 72 124
9 29 90 79
9 30 108 38
9 31 106 47
9 32 36 103
9 33 64 46
9 34 49 53
9 35 84 105
9 36 101 111
9 37 96 82
9 38 78 66
9 39 116 80
9 40 82 43
9 41 33 37
9 42 109 67
9 43 98 125
9 44 91 109
9 45 41 114
9 46 37 100
9 47 46 122
9 48 37 81
9 49 57 103
10 11 990 978
10 12 85 56
10 13 110 54
10 14 95 93
10 15 75 80
10 16 37 84
10 17 70 31
10 18 100 41
10 19 42 71
10 20 51 54
10 21 95 61
10 22 117 39
10 23 66 44
10 24 81 118
10 25 68 38
10 26 97 51
10 27 82 88
10 28 42 77
10 29 92 64
10 30 112 96
10 31 86 52
10 32 33 84
10 33 82 96
10 34 90 41
10 35 73 86
10 36 85 36
10 37 106 70
10 38 53 117
10 39 56 107
10 40 93 41
10 41 46 61
10 42 93 75
10 43 44 85
10 44 91 88
10 45 48 58
10 46 37 85
10 47 71 95
10 48 92 47
10 49 120 103
11 12 42 47
11 13 51 58
11 14 78 62
11 15 39 56
11 16 55 56
11 17 62 77
11 18 35 68
11 19 63 34
11 20 72 50
11 21 108 101
11 22 104 96
11 23 123 46
11 24 63 51
11 25 74 33
11 26 115 119
11 27 84 32
11 28 88 48
11 29 59 65
11 30 45 74
11 31 115 49
11 32 74 48
11 33 80 76
11 34 48 82
11 35 80 109
11 36 68 58
11 37 60 42
11 38 108 49
11 39 96 59
11 40 88 100
11 41 43 118
11 42 60 121
11 43 86 59
11 44 63 123
11 45 105 100
11 46 43 120
11 47 39 64
11 48 73 82
11 49 84 52
12 13 982 973
12 14 993 987
12 15 973 982
12 16 31 34
12 17 103 119
12 18 69 75
12 19 101 42
12 20 110 82
12 21 118 53
12 22 98 91
12 23 93 57
12 24 38 72
12 25 42 89
12 26 90 124
12 27 86 31
12 28 51 68
12 29 52 91
12 30 69 55
12 31 39 83
12 32 103 77
12 33 88 40
12 34 111 62
12 35 99 115
12 36 120 98
12 37 74 96
12 38 54 125
12 39 67 75
12 40 106 40
12 41 66 98
12 42 122 111
12 43 109 100
12 44 37 101
12 45 41 124
12 46 120 64
12 47 45 123
12 48 74 72
12 49 30 99
13 14 970 981
13 15 984 996
13 16 66 61
13 17 77 120
13 18 109 35
13 19 58 59
13 20 84 34
13 21 68 109
13 22 85 118
13 23 91 34
13 24 86 72
13 25 117 56
13 26 35 53
13 27 47 99
13 28 44 66
13 29 35 117
13 30 33 38
13 31 41 47
13 32 44 120
13 33 50 43
13 34 123 55
13 35 106 94
13 36 102 94
13 37 80 107
13 38 79 108
13 39 35 64
13 40 69 115
13 41 40 101
13 42 123 82
13 43 101 39
13 44 70 36
13 45 83 93
13 46 123 67
13 47 52 110
13 48 45 46
13 49 34 114
14 15 985 983
14 16 86 45
14 17 62 41
14 18 80 73
14 19 39 110
14 20 32 113
14 21 120 119
14 22 115 58
14 23 65 74
14 24 102 120
14 25 42 53
14 26 88 92
14 27 101 95
14 28 81 102
14 29 39 87
14 30 34 58
14 31 79 71
14 32 68 80
14 33 99 32
14 34 111 55
14 35 36 48
14 36 48 43
14 37 62 80
14 38 47 105
14 39 101 31
14 40 72 39
14 41 111 63
14 42 48 65
14 43 113 70
14 44 92 87
14 45 116 84
14 46 62 60
14 47 114 35
14 48 74 104
14 49 91 83
15 16 47 49
15 17 79 32
15 18 48 74
15 19 106 113
15 20 38 85
15 21 93 43
15 22 58 90
15 23 41 107
15 24 76 94
15 25 122 32
15 26 46 96
15 27 105 114
15 28 66 63
15 29 71 35
15 30 67 81
15 31 63 52
15 32 54 84
15 33 61 35
15 34 33 116
15 35 82 84
15 36 53 120
15 37 38 56
15 38 104 90
15 39 117 96
15 40 69 98
15 41 34 104
15 42 74 99
15 43 101 89
15 44 80 110
15 45 54 42
15 46 122 107
15 47 58 113
15 48 103 118
15 49 85 107
16 17 989 995
16 18 977 983
16 19 993 990
16 20 79 103
16 21 40 37
16 22 113 33
16 23 67 60
16 24 94 43
16 25 88 92
16 26 67 91
16 27 77 52
16 28 119 51
16 29 45 40
16 30 40 65
16 31 114 36
16 32 31 72
16 33 40 49
16 34 102 52
16 35 69 36
16 36 46 49
16 37 101 98
16 38 77 85
16 39 76 119
16 40 98 62
16 41 113 82
16 42 59 43
16 43 50 74
16 44 72 68
16 45 119 82
16 46 112 49
16 47 104 95
16 48 92 81
16 49 95 88
17 18 997 996
17 19 977 985
17 20 109 123
17 21 93 94
17 22 71 38
17 23 65 98
17 24 41 92
17 25 67 53
17 26 76 60
17 27 33 114
17 28 45 115
17 29 88 47
17 30 86 66
17 31 47 79
17 32 66 67
17 33 45 125
17 34 68 74
17 35 48 105
17 36 121 40
17 37 98 40
17 38 91 88
17 39 64 65
17 40 125 61
17 41 104 94
17 42 117 110
17 43 76 77
17 44 114 63
17 45 59 50
17 46 104 30
17 47 123 100
17 48 99 59
17 49 108 33
18 19 978 997
18 20 75 62
18 21 50 91
18 22 82 52
18 23 56 87
18 24 82 123
18 25 122 74
18 26 48 55
18 27 34 63
18 28 98 57
18 29 104 101
18 30 105 84
18 31 63 79
18 32 113 45
18 33 38 92
18 34 86 94
18 35 31 59
18 36 61 111
18 37 108 50
18 38 57 79
18 39 120 65
18 40 116 54
18 41 45 50
18 42 100 64
18 43 55 43
18 44 79 59
18 45 84 116
18 46 40 124
18 47 115 63
18 48 34 98
18 49 106 67
19 20 31 102
19 21 89 82
19 22 85 61
19 23 115 109
19 24 66 105
19 25 111 121
19 26 120 108
19 27 48 47
19 28 83 106
19 29 72 44
19 30 35 40
19 31 75 50
19 32 96 79
19 33 92 36
19 34 96 113
19 35 102 77
19 36 71 43
19 37 41 111
19 38 82 110
19 39 75 116
19 40 75 100
19 41 33 71
19 42 83 63
19 43 61 60
19 44 79 95
19 45 66 109
19 46 99 37
19 47 49 77
19 48 42 87
19 49 97 120
20 21 998 993
20 22 993 997
20 23 997 975
20 24 99 107
20 25 120 89
20 26 45 50
20 27 117 93
20 28 120 112
20 29 83 58
20 30 63 50
20 31 92 71
20 32 38 101
20 33 72 76
20 34 75 75
20 35 52 73
20 36 116 73
20 37 102 76
20 38 114 99
20 39 80 32
20 40 32 101
20 41 83 83
20 42 93 80
20 43 36 64
20 44 102 55
20 45 60 124
20 46 123 90
20 47 87 88
20 48 56 42
20 49 114 88
21 22 982 981
21 23 971 974
21 24 38 91
21 25 40 81
21 26 119 116
21 27 71 105
21 28 116 123
21 29 38 38
21 30 64 46
21 31 80 84
21 32 51 124
21 33 117 79
21 34 92 44
21 35 81 90
21 36 38 41
21 37 47 81
21 38 63 111
21 39 72 64
21 40 48 42
21 41 106 64
21 42 83 93
21 43 41 61
21 44 87 39
21 45 85 112
21 46 97 34
21 47 53 92
21 48 54 119
21 49 119 99
22 23 979 994
22 24 108 116
22 25 116 119
22 26 115 106
22 27 88 48
22 28 99 58
22 29 85 47
22 30 43 87
22 31 95 95
22 32 59 48
22 33 83 81
22 34 48 89
22 35 52 108
22 36 61 111
22 37 82 73
22 38 122 88
22 39 54 106
22 40 109 84
22 41 121 45
22 42 42 94
22 43 80 50
22 44 39 92
22 45 88 55
22 46 35 41
22 47 38 104
22 48 41 106
22 49 54 101
23 24 83 64
23 25 83 95
23 26 59 42
23 27 104 95
23 28 88 68
23 29 45 64
23 30 90 96
23 31 53 100
23 32 79 52
23 33 93 46
23 34 51 34
23 35 110 100
23 36 92 43
23 37 58 82
23 38 66 87
23 39 85 82
23 40 91 53
23 41 104 118
23 42 71 124
23 43 86 118
23 44 72 108
23 45 36 40
23 46 37 103
23 47 46 122
23 48 42 107
23 49 97 78
24 25 996 997
24 26 996 971
24 27 970 988
24 28 93 74
24 29 41 91
24 30 41 75
24 31 96 69
24 32 108 65
24 33 122 113
24 34 38 64
24 35 115 36
24 36 109 61
24 37 59 65
24 38 56 34
24 39 53 42
24 40 59 80
24 41 35 95
24 42 90 86
24 43 111 50
24 44 50 66
24 45 95 59
24 46 101 56
24 47 117 123
24 48 115 66
24 49 113 97
25 26 991 970
25 27 974 971
25 28 35 32
25 29 78 121
25 30 81 60
25 31 61 113
25 32 69 102
25 33 31 86
25 34 105 31
25 35 47 46
25 36 114 35
25 37 86 60
25 38 48 42
25 39 53 70
25 40 64 52
25 41 125 108
25 42 47 110
25 43 69 46
25 44 107 97
25 45 54 93
25 46 51 54
25 47 49 42
25 48 61 60
25 49 55 66
26 27 995 996
26 28 68 61
26 29 120 72
26 30 94 99
26 31 65 122
26 32 73 125
26 33 61 103
26 34 102 50
26 35 117 83
26 36 61 77
26 37 74 79
26 38 91 61
26 39 49 100
26 40 83 45
26 41 109 107
26 42 119 37
26 43 100 35
26 44 60 115
26 45 123 47
26 46 104 52
26 47 95 66
26 48 58 101
26 49 121 83
27 28 93 88
27 29 110 60
27 30 51 58
27 31 52 100
27 32 90 92
27 33 93 62
27 34 38 59
27 35 30 73
27 36 98 73
27 37 71 90
27 38 59 61
27 39 97 59
27 40 59 107
27 41 33 123
27 42 94 71
27 43 93 116
27 44 57 49
27 45 112 115
27 46 61 114
27 47 121 40
27 48 122 92
27 49 52 86
28 29 971 986
28 30 982 990
28 31 983 999
28 32 108 55
28 33 108 71
28 34 96 44
28 35 85 58
28 36 123 73
28 37 49 89
28 38 45 84
28 39 31 67
28 40 96 112
28 41 85 109
28 42 55 34
28 43 83 109
28 44 33 87
28 45 72 38
28 46 63 125
28 47 88 63
28 48 70 72
28 49 92 82
29 30 993 994
29 31 972 984
29 32 34 48
29 33 42 114
29 34 41 60
29 35 74 106
29 36 40 76
29 37 33 116
29 38 106 102
29 39 84 54
29 40 111 80
29 41 86 93
29 42 86 92
29 43 91 68
29 44 112 90
29 45 79 84
29 46 42 94
29 47 39 87
29 48 34 79
29 49 70 58
30 31 992 973
30 32 120 45
30 33 98 61
30 34 84 81
30 35 68 73
30 36 46 111
30 37 62 113
30 38 73 44
30 39 63 49
30 40 80 95
30 41 99 103
30 42 32 34
30 43 119 48
30 44 49 110
30 45 55 34
30 46 88 91
30 47 44 88
30 48 115 124
30 49 103 50
31 32 48 51
31 33 39 111
31 34 111 118
31 35 84 78
31 36 53 70
31 37 45 30
31 38 82 111
31 39 59 70
31 40 59 122
31 41 65 100
31 42 68 31
31 43 100 85
31 44 52 63
31 45 40 77
31 46 98 103
31 47 56 98
31 48 94 37
31 49 62 105
32 33 976 982
32 34 987 983
32 35 974 975
32 36 75 72
32 37 59 92
32 38 39 63
32 39 90 54
32 40 112 103
32 41 114 92
32 42 39 57
32 43 115 114
32 44 30 33
32 45 90 103
32 46 65 95
32 47 61 86
32 48 66 69
32 49 80 71
33 34 971 992
33 35 985 973
33 36 73 66
33 37 103 88
33 38 74 81
33 39 57 49
33 40 85 101
33 41 85 101
33 42 123 83
33 43 120 54
33 44 79 87
33 45 39 65
33 46 65 34
33 47 62 97
33 48 84 124
33 49 97 72
34 35 978 992
34 36 109 46
34 37 70 106
34 38 107 48
34 39 78 122
34 40 39 66
34 41 34 84
34 42 70 102
34 43 38 79
34 44 110 56
34 45 121 90
34 46 61 102
34 47 72 73
34 48 35 85
34 49 70 39
35 36 79 37
35 37 57 60
35 38 71 117
35 39 32 90
35 40 35 122
35 41 101 51
35 42 43 85
35 43 90 71
35 44 78 100
35 45 87 125
35 46 40 97
35 47 88 55
35 48 95 54
35 49 35 43
36 37 984 984
36 38 983 978
36 39 999 989
36 40 58 76
36 41 51 32
36 42 66 84
36 43 78 50
36 44 114 30
36 45 41 86
36 46 78 52
36 47 49 98
36 48 102 46
36 49 122 75
37 38 971 994
37 39 984 990
37 40 98 92
37 41 42 64
37 42 45 83
37 43 115 76
37 44 119 77
37 45 99 113
37 46 78 60
37 47 30 54
37 48 111 118
37 49 53 67
38 39 982 990
38 40 123 93
38 41 121 97
38 42 109 88
38 43 36 91
38 44 77 120
38 45 66 74
38 46 69 38
38 47 65 95
38 48 97 85
38 49 43 108
39 40 77 62
39 41 70 74
39 42 70 81
39 43 104 34
39 44 109 37
39 45 122 108
39 46 37 59
39 47 86 69
39 48 107 43
39 49 92 71
40 41 999 991
40 42 1000 971
40 43 993 992
40 44 56 53
40 45 108 82
40 46 50 121
40 47 95 39
40 48 65 104
40 49 64 89
41 42 999 985
41 43 988 998
41 44 94 60
41 45 119 108
41 46 60 89
41 47 54 109
41 48 123 122
41 49 77 70
42 43 987 1000
42 44 99 84
42 45 40 57
42 46 32 90
42 47 44 68
42 48 119 124
42 49 81 103
43 44 90 93
43 45 71 125
43 46 47 84
43 47 36 80
43 48 44 44
43 49 88 103
44 45 973 973
44 46 999 971
44 47 983 979
44 48 43 48
44 49 33 42
45 46 972 988
45 47 986 986
45 48 112 42
45 49 39 74
46 47 998 992
46 48 56 32
46 49 47 38
47 48 92 61
47 49 119 38
48 49 997 995
