68
0 1 20 20
0 2 0 980
0 3 985 986
0 4 85 59
0 5 67 49
0 6 86 86
0 7 91 35
0 8 71 57
0 9 73 59
0 10 97 87
0 11 98 83
0 12 36 78
0 13 39 61
0 14 33 39
0 15 98 79
0 16 27 74
0 17 71 77
0 18 55 54
0 19 51 86
0 20 94 47
0 21 60 43
0 22 97 51
0 23 95 40
0 24 41 65
0 25 67 49
0 26 96 100
0 27 23 54
0 28 53 66
0 29 89 67
0 30 94 62
0 31 35 76
0 32 60 72
0 33 98 52
0 34 83 48
0 35 62 38
0 36 50 95
0 37 73 91
0 38 72 57
0 39 24 35
0 40 31 86
0 41 61 87
0 42 81 56
0 43 99 33
0 44 81 24
0 45 63 21
0 46 84 58
0 47 27 97
0 48 95 97
0 49 54 77
0 50 48 83
0 51 67 56
0 52 46 46
0 53 54 73
0 54 100 49
0 55 34 96
0 56 24 25
0 57 83 28
0 58 92 41
0 59 59 22
0 60 29 31
0 61 25 22
0 62 65 82
0 63 56 37
0 64 88 100
0 65 52 66
0 66 59 37
0 67 84 27
0 68 46 94
0 69 35 75
0 70 93 63
0 71 36 67
0 72 87 21
0 73 64 73
0 74 91 46
0 75 60 68
0 76 44 88
0 77 80 96
0 78 55 26
0 79 60 42
0 80 80 87
0 81 79 47
0 82 64 35
0 83 27 80
0 84 49 31
0 85 27 35
0 86 100 54
0 87 42 56
0 88 29 80
0 89 96 64
0 90 58 21
0 91 54 56
0 92 71 25
0 93 65 36
0 94 90 25
0 95 38 66
0 96 53 66
0 97 34 52
0 98 68 65
0 99 45 31
1 2 980 0
1 3 994 990
1 4 93 59
1 5 77 44
1 6 70 29
1 7 33 43
1 8 34 65
1 9 31 54
1 10 23 89
1 11 50 83
1 12 78 86
1 13 91 68
1 14 45 77
1 15 41 90
1 16 22 75
1 17 47 88
1 18 67 58
1 19 67 82
1 20 93 34
1 21 50 23
1 22 35 30
1 23 58 36
1 24 47 63
1 25 59 64
1 26 52 66
1 27 94 55
1 28 23 30
1 29 38 92
1 30 36 57
1 31 93 70
1 32 73 48
1 33 89 43
1 34 35 70
1 35 27 83
1 36 64 90
1 37 86 36
1 38 36 68
1 39 58 30
1 40 71 60
1 41 51 52
1 42 42 98
1 43 31 32
1 44 52 21
1 45 71 100
1 46 91 62
1 47 43 89
1 48 50 79
1 49 81 34
1 50 92 47
1 51 60 66
1 52 69 71
1 53 64 27
1 54 49 84
1 55 95 74
1 56 83 58
1 57 28 62
1 58 90 96
1 59 79 24
1 60 37 53
1 61 37 71
1 62 72 34
1 63 31 46
1 64 65 36
1 65 50 27
1 66 39 50
1 67 76 52
1 68 39 42
1 69 84 100
1 70 76 86
1 71 96 78
1 72 33 60
1 73 32 61
1 74 65 47
1 75 77 97
1 76 82 74
1 77 88 89
1 78 46 86
1 79 57 86
1 80 68 27
1 81 42 71
1 82 58 66
1 83 74 62
1 84 70 41
1 85 59 54
1 86 20 79
1 87 84 83
1 88 38 27
1 89 46 53
1 90 89 61
1 91 59 22
1 92 23 83
1 93 24 92
1 94 78 69
1 95 66 63
1 96 100 98
1 97 57 23
1 98 74 22
1 99 75 40
2 3 984 983
2 4 77 27
2 5 70 96
2 6 99 98
2 7 52 44
2 8 75 61
2 9 87 32
2 10 65 99
2 11 72 81
2 12 69 26
2 13 57 29
2 14 37 46
2 15 79 57
2 16 51 45
2 17 79 96
2 18 34 38
2 19 82 56
2 20 45 74
2 21 37 57
2 22 58 36
2 23 20 66
2 24 81 43
2 25 56 60
2 26 68 87
2 27 34 96
2 28 30 94
2 29 28 35
2 30 79 68
2 31 81 68
2 32 76 32
2 33 51 32
2 34 67 56
2 35 86 99
2 36 58 65
2 37 68 57
2 38 49 53
2 39 93 63
2 40 34 68
2 41 45 45
2 42 96 45
2 43 46 29
2 44 31 43
2 45 67 60
2 46 93 36
2 47 96 30
2 48 67 90
2 49 30 70
2 50 85 60
2 51 62 66
2 52 86 75
2 53 77 73
2 54 94 32
2 55 29 33
2 56 55 87
2 57 61 43
2 58 100 96
2 59 68 89
2 60 23 79
2 61 90 22
2 62 44 78
2 63 94 44
2 64 81 56
2 65 92 63
2 66 26 63
2 67 47 62
2 68 30 75
2 69 64 40
2 70 36 39
2 71 28 51
2 72 72 80
2 73 66 59
2 74 35 72
2 75 29 30
2 76 77 98
2 77 99 49
2 78 97 58
2 79 30 86
2 80 44 50
2 81 90 33
2 82 60 23
2 83 99 69
2 84 55 95
2 85 95 58
2 86 40 98
2 87 25 29
2 88 24 40
2 89 38 98
2 90 88 70
2 91 37 84
2 92 96 74
2 93 25 47
2 94 49 22
2 95 25 88
2 96 20 96
2 97 43 66
2 98 64 26
2 99 39 28
3 4 87 70
3 5 72 70
3 6 64 90
3 7 64 62
3 8 24 55
3 9 93 47
3 10 50 30
3 11 28 57
3 12 45 44
3 13 68 75
3 14 33 37
3 15 73 53
3 16 88 22
3 17 88 44
3 18 62 49
3 19 38 87
3 20 45 53
3 21 43 49
3 22 24 97
3 23 27 47
3 24 69 21
3 25 58 62
3 26 26 32
3 27 29 58
3 28 73 68
3 29 28 67
3 30 98 87
3 31 71 54
3 32 59 73
3 33 52 44
3 34 50 21
3 35 22 69
3 36 47 56
3 37 48 24
3 38 30 33
3 39 94 43
3 40 40 94
3 41 31 21
3 42 21 72
3 43 50 70
3 44 58 89
3 45 94 68
3 46 20 43
3 47 61 68
3 48 94 43
3 49 46 98
3 50 44 57
3 51 75 33
3 52 52 86
3 53 32 41
3 54 59 96
3 55 80 50
3 56 71 47
3 57 95 24
3 58 67 74
3 59 96 61
3 60 36 93
3 61 50 53
3 62 56 80
3 63 73 58
3 64 43 89
3 65 45 81
3 66 81 99
3 67 42 90
3 68 39 54
3 69 71 41
3 70 59 44
3 71 63 45
3 72 63 25
3 73 98 59
3 74 37 35
3 75 56 38
3 76 58 20
3 77 82 39
3 78 58 89
3 79 94 55
3 80 53 24
3 81 76 59
3 82 85 96
3 83 99 47
3 84 29 79
3 85 22 75
3 86 38 64
3 87 60 46
3 88 94 44
3 89 31 86
3 90 82 87
3 91 28 50
3 92 33 35
3 93 99 48
3 94 94 70
3 95 37 91
3 96 76 22
3 97 85 82
3 98 81 97
3 99 24 30
4 5 990 984
4 6 992 994
4 7 989 988
4 8 69 35
4 9 55 61
4 10 84 77
4 11 80 53
4 12 67 83
4 13 72 86
4 14 54 55
4 15 50 77
4 16 47 68
4 17 80 47
4 18 21 52
4 19 26 32
4 20 57 59
4 21 48 50
4 22 37 78
4 23 43 57
4 24 29 23
4 25 61 49
4 26 96 28
4 27 83 59
4 28 31 57
4 29 31 30
4 30 88 20
4 31 84 94
4 32 78 83
4 33 28 80
4 34 41 93
4 35 92 30
4 36 39 95
4 37 57 75
4 38 71 92
4 39 83 98
4 40 78 33
4 41 31 35
4 42 43 89
4 43 55 43
4 44 97 53
4 45 95 28
4 46 57 90
4 47 62 74
4 48 99 68
4 49 58 96
4 50 46 98
4 51 59 62
4 52 52 60
4 53 24 83
4 54 76 24
4 55 56 76
4 56 60 92
4 57 23 42
4 58 26 28
4 59 60 86
4 60 86 74
4 61 47 39
4 62 37 46
4 63 74 25
4 64 85 21
4 65 98 90
4 66 93 97
4 67 79 99
4 68 82 34
4 69 99 62
4 70 94 74
4 71 26 65
4 72 26 88
4 73 30 21
4 74 45 38
4 75 52 49
4 76 93 91
4 77 30 22
4 78 94 67
4 79 60 57
4 80 61 84
4 81 60 79
4 82 76 60
4 83 71 70
4 84 43 72
4 85 44 84
4 86 60 76
4 87 37 66
4 88 59 84
4 89 76 68
4 90 79 48
4 91 40 57
4 92 65 80
4 93 57 74
4 94 56 21
4 95 74 64
4 96 59 22
4 97 24 22
4 98 96 98
4 99 48 68
5 6 993 986
5 7 989 989
5 8 85 92
5 9 59 57
5 10 29 75
5 11 95 72
5 12 56 48
5 13 89 42
5 14 23 87
5 15 20 65
5 16 46 60
5 17 38 69
5 18 27 85
5 19 58 95
5 20 41 30
5 21 24 43
5 22 97 37
5 23 71 53
5 24 35 56
5 25 63 79
5 26 44 49
5 27 38 61
5 28 23 94
5 29 37 55
5 30 73 43
5 31 32 34
5 32 33 90
5 33 53 71
5 34 85 85
5 35 98 93
5 36 45 78
5 37 42 85
5 38 92 88
5 39 83 97
5 40 62 68
5 41 85 65
5 42 83 45
5 43 63 89
5 44 60 73
5 45 52 94
5 46 34 87
5 47 31 53
5 48 90 30
5 49 82 82
5 50 40 87
5 51 57 100
5 52 38 99
5 53 98 64
5 54 96 34
5 55 85 56
5 56 24 39
5 57 87 97
5 58 57 73
5 59 40 75
5 60 76 84
5 61 65 58
5 62 64 44
5 63 29 36
5 64 34 68
5 65 76 96
5 66 36 56
5 67 61 53
5 68 92 84
5 69 73 79
5 70 58 47
5 71 77 86
5 72 55 79
5 73 95 61
5 74 76 59
5 75 53 91
5 76 45 96
5 77 49 60
5 78 86 67
5 79 64 56
5 80 29 69
5 81 95 33
5 82 38 42
5 83 78 84
5 84 99 99
5 85 23 55
5 86 48 54
5 87 43 67
5 88 56 27
5 89 60 88
5 90 85 59
5 91 89 42
5 92 35 36
5 93 53 65
5 94 30 59
5 95 38 50
5 96 59 46
5 97 34 64
5 98 96 46
5 99 49 71
6 7 986 996
6 8 61 29
6 9 29 30
6 10 61 32
6 11 97 51
6 12 62 72
6 13 91 48
6 14 44 72
6 15 72 29
6 16 42 27
6 17 90 51
6 18 78 45
6 19 79 77
6 20 39 58
6 21 79 97
6 22 97 25
6 23 82 62
6 24 37 86
6 25 74 24
6 26 87 100
6 27 63 25
6 28 99 83
6 29 91 38
6 30 71 100
6 31 72 71
6 32 79 30
6 33 37 40
6 34 92 20
6 35 79 61
6 36 23 65
6 37 41 21
6 38 29 58
6 39 87 99
6 40 38 91
6 41 75 82
6 42 71 40
6 43 31 28
6 44 46 34
6 45 83 52
6 46 55 44
6 47 90 74
6 48 95 35
6 49 76 99
6 50 50 59
6 51 91 65
6 52 51 71
6 53 23 22
6 54 60 62
6 55 29 85
6 56 59 51
6 57 45 48
6 58 27 82
6 59 46 48
6 60 45 85
6 61 32 85
6 62 33 21
6 63 60 58
6 64 72 91
6 65 35 66
6 66 45 89
6 67 100 30
6 68 20 28
6 69 59 61
6 70 37 61
6 71 33 27
6 72 26 98
6 73 28 77
6 74 39 67
6 75 70 34
6 76 74 53
6 77 23 73
6 78 45 62
6 79 34 39
6 80 50 50
6 81 40 73
6 82 38 96
6 83 65 56
6 84 37 55
6 85 64 26
6 86 91 79
6 87 65 39
6 88 64 90
6 89 64 81
6 90 90 48
6 91 76 72
6 92 52 23
6 93 86 50
6 94 35 70
6 95 30 84
6 96 65 72
6 97 35 63
6 98 71 81
6 99 64 29
7 8 69 44
7 9 80 87
7 10 42 96
7 11 67 48
7 12 28 52
7 13 66 24
7 14 49 22
7 15 23 35
7 16 91 34
7 17 85 98
7 18 80 95
7 19 26 86
7 20 29 73
7 21 39 66
7 22 93 95
7 23 25 62
7 24 22 78
7 25 86 49
7 26 94 90
7 27 31 35
7 28 28 49
7 29 34 98
7 30 89 52
7 31 62 44
7 32 90 38
7 33 55 91
7 34 51 82
7 35 76 38
7 36 36 49
7 37 43 43
7 38 65 20
7 39 44 81
7 40 26 47
7 41 55 98
7 42 60 59
7 43 81 36
7 44 79 77
7 45 43 39
7 46 97 90
7 47 69 31
7 48 60 53
7 49 50 63
7 50 88 50
7 51 81 76
7 52 48 97
7 53 61 86
7 54 86 21
7 55 29 84
7 56 65 44
7 57 80 23
7 58 48 78
7 59 23 72
7 60 21 77
7 61 62 95
7 62 79 31
7 63 99 40
7 64 67 46
7 65 43 37
7 66 68 97
7 67 69 54
7 68 75 95
7 69 35 46
7 70 27 85
7 71 33 95
7 72 61 67
7 73 22 95
7 74 76 41
7 75 56 77
7 76 43 68
7 77 27 33
7 78 55 73
7 79 59 49
7 80 56 30
7 81 96 33
7 82 61 68
7 83 89 74
7 84 78 42
7 85 93 37
7 86 47 82
7 87 31 45
7 88 43 25
7 89 81 26
7 90 81 72
7 91 90 63
7 92 85 28
7 93 53 62
7 94 87 46
7 95 96 71
7 96 38 62
7 97 90 37
7 98 45 42
7 99 50 29
8 9 987 997
8 10 983 987
8 11 994 993
8 12 71 54
8 13 58 59
8 14 71 55
8 15 24 28
8 16 86 51
8 17 86 92
8 18 22 91
8 19 44 72
8 20 35 38
8 21 60 22
8 22 69 25
8 23 34 62
8 24 41 65
8 25 71 40
8 26 60 75
8 27 61 35
8 28 80 44
8 29 93 75
8 30 20 76
8 31 78 62
8 32 36 95
8 33 42 65
8 34 35 88
8 35 61 25
8 36 42 28
8 37 70 28
8 38 91 85
8 39 24 88
8 40 66 96
8 41 36 36
8 42 90 58
8 43 65 96
8 44 72 65
8 45 74 60
8 46 46 76
8 47 42 62
8 48 78 37
8 49 40 23
8 50 46 54
8 51 93 24
8 52 54 98
8 53 86 36
8 54 29 32
8 55 51 22
8 56 85 46
8 57 77 93
8 58 69 55
8 59 37 21
8 60 60 84
8 61 93 57
8 62 96 66
8 63 72 60
8 64 95 60
8 65 21 27
8 66 67 88
8 67 98 25
8 68 80 81
8 69 91 91
8 70 86 78
8 71 52 87
8 72 62 25
8 73 83 26
8 74 44 56
8 75 74 56
8 76 47 33
8 77 83 30
8 78 24 74
8 79 51 88
8 80 53 46
8 81 44 55
8 82 42 35
8 83 45 56
8 84 60 66
8 85 86 52
8 86 50 36
8 87 96 86
8 88 34 87
8 89 67 77
8 90 76 68
8 91 77 37
8 92 40 64
8 93 91 76
8 94 81 64
8 95 87 99
8 96 58 64
8 97 61 37
8 98 39 87
8 99 45 62
9 10 987 994
9 11 983 980
9 12 51 96
9 13 61 77
9 14 89 94
9 15 66 92
9 16 77 67
9 17 69 88
9 18 58 99
9 19 71 54
9 20 37 73
9 21 32 55
9 22 71 69
9 23 38 23
9 24 23 51
9 25 21 98
9 26 89 33
9 27 71 49
9 28 100 86
9 29 21 60
9 30 41 54
9 31 43 44
9 32 39 93
9 33 31 26
9 34 53 44
9 35 71 38
9 36 87 32
9 37 97 55
9 38 35 48
9 39 87 90
9 40 42 41
9 41 72 59
9 42 23 25
9 43 32 77
9 44 92 91
9 45 69 56
9 46 41 44
9 47 26 90
9 48 80 94
9 49 60 80
9 50 50 69
9 51 84 35
9 52 93 52
9 53 75 93
9 54 54 42
9 55 44 29
9 56 91 91
9 57 77 94
9 58 92 23
9 59 80 32
9 60 62 78
9 61 69 50
9 62 78 100
9 63 98 47
9 64 61 47
9 65 90 50
9 66 85 41
9 67 39 57
9 68 92 55
9 69 90 75
9 70 47 93
9 71 58 24
9 72 29 93
9 73 92 58
9 74 94 36
9 75 34 47
9 76 91 45
9 77 72 92
9 78 70 81
9 79 78 21
9 80 33 39
9 81 55 82
9 82 24 27
9 83 97 51
9 84 86 69
9 85 65 51
9 86 80 97
9 87 62 85
9 88 62 26
9 89 82 34
9 90 72 58
9 91 84 65
9 92 47 22
9 93 36 45
9 94 69 46
9 95 25 84
9 96 37 85
9 97 81 82
9 98 78 81
9 99 79 93
10 11 990 999
10 12 36 96
10 13 27 34
10 14 70 66
10 15 55 29
10 16 81 20
10 17 34 88
10 18 41 58
10 19 55 91
10 20 80 34
10 21 75 44
10 22 49 72
10 23 42 50
10 24 37 94
10 25 67 68
10 26 59 76
10 27 27 86
10 28 24 82
10 29 27 88
10 30 80 88
10 31 91 46
10 32 78 24
10 33 41 28
10 34 78 20
10 35 41 29
10 36 58 50
10 37 44 68
10 38 67 62
10 39 84 36
10 40 43 28
10 41 72 71
10 42 20 31
10 43 65 35
10 44 65 58
10 45 34 98
10 46 39 54
10 47 95 41
10 48 21 25
10 49 66 61
10 50 31 68
10 51 70 35
10 52 28 24
10 53 68 66
10 54 96 70
10 55 40 34
10 56 84 21
10 57 22 40
10 58 44 83
10 59 83 80
10 60 33 67
10 61 32 57
10 62 35 47
10 63 53 98
10 64 32 99
10 65 85 72
10 66 24 40
10 67 60 90
10 68 62 26
10 69 63 44
10 70 48 88
10 71 46 52
10 72 92 63
10 73 30 37
10 74 87 74
10 75 67 97
10 76 22 29
10 77 37 60
10 78 35 92
10 79 27 74
10 80 26 94
10 81 46 70
10 82 54 63
10 83 28 36
10 84 69 72
10 85 30 54
10 86 29 79
10 87 91 68
10 88 98 77
10 89 61 68
10 90 37 96
10 91 76 31
10 92 60 27
10 93 100 73
10 94 99 54
10 95 39 31
10 96 48 24
10 97 46 75
10 98 76 54
10 99 99 77
11 12 60 45
11 13 71 88
11 14 58 33
11 15 59 44
11 16 53 58
11 17 94 84
11 18 44 84
11 19 73 69
11 20 36 82
11 21 70 30
11 22 42 88
11 23 91 30
11 24 56 33
11 25 36 70
11 26 92 97
11 27 63 70
11 28 53 98
11 29 52 92
11 30 75 96
11 31 50 74
11 32 64 96
11 33 96 82
11 34 98 62
11 35 91 44
11 36 97 38
11 37 32 41
11 38 27 90
11 39 96 71
11 40 20 75
11 41 88 72
11 42 97 38
11 43 87 73
11 44 37 23
11 45 95 87
11 46 27 55
11 47 83 29
11 48 82 73
11 49 21 77
11 50 83 72
11 51 57 35
11 52 36 52
11 53 70 25
11 54 21 26
11 55 98 44
11 56 22 37
11 57 75 80
11 58 94 40
11 59 65 54
11 60 87 88
11 61 51 96
11 62 53 31
11 63 75 95
11 64 59 27
11 65 82 32
11 66 64 93
11 67 90 94
11 68 53 59
11 69 49 47
11 70 30 39
11 71 52 46
11 72 62 98
11 73 55 91
11 74 97 67
11 75 31 69
11 76 29 93
11 77 89 24
11 78 71 82
11 79 68 22
11 80 84 34
11 81 88 32
11 82 31 47
11 83 91 74
11 84 80 38
11 85 33 40
11 86 29 32
11 87 98 45
11 88 58 77
11 89 29 24
11 90 93 43
11 91 80 34
11 92 35 90
11 93 73 68
11 94 23 99
11 95 90 55
11 96 48 58
11 97 23 60
11 98 48 45
11 99 24 77
12 13 984 987
12 14 986 997
12 15 998 987
12 16 97 43
12 17 32 24
12 18 47 96
12 19 90 32
12 20 93 92
12 21 69 95
12 22 32 89
12 23 41 66
12 24 88 22
12 25 57 89
12 26 41 81
12 27 41 84
12 28 68 45
12 29 69 92
12 30 78 48
12 31 74 46
12 32 90 30
12 33 59 60
12 34 37 69
12 35 52 23
12 36 43 24
12 37 52 90
12 38 69 42
12 39 57 62
12 40 83 72
12 41 34 80
12 42 60 33
12 43 60 57
12 44 62 82
12 45 91 85
12 46 82 39
12 47 78 51
12 48 48 92
12 49 41 84
12 50 62 71
12 51 70 94
12 52 66 51
12 53 39 64
12 54 46 28
12 55 77 71
12 56 93 54
12 57 90 39
12 58 91 89
12 59 95 65
12 60 90 38
12 61 26 40
12 62 91 70
12 63 84 91
12 64 27 51
12 65 45 63
12 66 55 36
12 67 43 23
12 68 49 80
12 69 98 30
12 70 57 91
12 71 97 21
12 72 72 55
12 73 90 78
12 74 35 23
12 75 33 61
12 76 68 89
12 77 22 21
12 78 93 72
12 79 29 37
12 80 24 24
12 81 74 79
12 82 45 58
12 83 61 84
12 84 50 49
12 85 94 81
12 86 45 49
12 87 34 52
12 88 63 36
12 89 68 67
12 90 84 78
12 91 33 59
12 92 61 24
12 93 40 70
12 94 80 39
12 95 63 78
12 96 53 64
12 97 90 99
12 98 85 49
12 99 75 98
13 14 985 982
13 15 986 991
13 16 83 81
13 17 87 34
13 18 88 65
13 19 25 26
13 20 77 47
13 21 64 37
13 22 67 39
13 23 25 48
13 24 35 58
13 25 100 96
13 26 79 57
13 27 85 50
13 28 60 43
13 29 44 37
13 30 37 95
13 31 30 22
13 32 75 68
13 33 33 90
13 34 67 95
13 35 55 35
13 36 31 97
13 37 50 35
13 38 63 56
13 39 30 63
13 40 67 28
13 41 55 84
13 42 37 30
13 43 21 48
13 44 75 26
13 45 69 59
13 46 70 58
13 47 67 57
13 48 78 92
13 49 97 67
13 50 74 48
13 51 43 82
13 52 39 33
13 53 67 75
13 54 33 82
13 55 32 100
13 56 63 59
13 57 77 34
13 58 33 45
13 59 92 40
13 60 34 94
13 61 69 27
13 62 43 93
13 63 52 32
13 64 81 79
13 65 33 25
13 66 54 35
13 67 37 88
13 68 47 38
13 69 81 21
13 70 36 75
13 71 39 61
13 72 71 52
13 73 86 64
13 74 28 27
13 75 69 34
13 76 69 48
13 77 75 79
13 78 75 50
13 79 41 85
13 80 44 67
13 81 42 81
13 82 70 73
13 83 76 73
13 84 52 46
13 85 25 95
13 86 74 74
13 87 66 81
13 88 93 27
13 89 33 88
13 90 48 78
13 91 72 75
13 92 34 56
13 93 87 43
13 94 57 31
13 95 54 94
13 96 69 35
13 97 34 82
13 98 65 77
13 99 71 39
14 15 989 991
14 16 63 41
14 17 49 61
14 18 79 66
14 19 54 96
14 20 88 39
14 21 57 28
14 22 57 99
14 23 93 21
14 24 37 44
14 25 63 65
14 26 55 68
14 27 40 86
14 28 29 27
14 29 70 83
14 30 41 83
14 31 49 70
14 32 63 76
14 33 65 100
14 34 40 85
14 35 39 88
14 36 85 85
14 37 66 55
14 38 24 31
14 39 69 86
14 40 46 46
14 41 97 51
14 42 64 74
14 43 71 33
14 44 25 76
14 45 37 85
14 46 99 86
14 47 69 26
14 48 22 28
14 49 29 91
14 50 99 50
14 51 69 27
14 52 49 57
14 53 51 68
14 54 67 69
14 55 44 79
14 56 95 67
14 57 44 68
14 58 76 41
14 59 98 22
14 60 51 76
14 61 94 34
14 62 32 42
14 63 50 50
14 64 78 95
14 65 97 98
14 66 88 27
14 67 75 46
14 68 36 53
14 69 61 38
14 70 71 80
14 71 71 34
14 72 42 77
14 73 38 47
14 74 72 60
14 75 81 61
14 76 44 24
14 77 59 52
14 78 38 85
14 79 65 67
14 80 81 81
14 81 75 22
14 82 58 25
14 83 72 73
14 84 38 23
14 85 81 73
14 86 90 51
14 87 65 21
14 88 35 42
14 89 80 84
14 90 92 23
14 91 67 95
14 92 84 37
14 93 72 29
14 94 39 80
14 95 50 81
14 96 94 84
14 97 82 44
14 98 37 58
14 99 33 66
15 16 76 89
15 17 68 81
15 18 63 87
15 19 93 97
15 20 21 21
15 21 49 57
15 22 36 72
15 23 97 67
15 24 55 33
15 25 29 72
15 26 96 49
15 27 77 98
15 28 37 86
15 29 37 98
15 30 33 97
15 31 23 27
15 32 91 96
15 33 51 47
15 34 59 38
15 35 63 30
15 36 83 58
15 37 87 58
15 38 75 85
15 39 56 57
15 40 68 55
15 41 55 87
15 42 95 99
15 43 54 21
15 44 82 70
15 45 50 98
15 46 96 25
15 47 96 41
15 48 55 73
15 49 85 74
15 50 61 95
15 51 67 33
15 52 52 96
15 53 91 86
15 54 30 92
15 55 75 99
15 56 38 47
15 57 52 78
15 58 81 42
15 59 93 67
15 60 82 72
15 61 23 46
15 62 82 56
15 63 31 77
15 64 31 29
15 65 62 79
15 66 79 31
15 67 32 85
15 68 83 38
15 69 55 78
15 70 76 54
15 71 33 77
15 72 36 41
15 73 69 53
15 74 41 87
15 75 81 79
15 76 41 76
15 77 56 56
15 78 57 84
15 79 45 53
15 80 33 57
15 81 66 35
15 82 94 78
15 83 94 30
15 84 94 88
15 85 75 31
15 86 66 71
15 87 23 80
15 88 49 57
15 89 92 41
15 90 94 43
15 91 73 55
15 92 81 74
15 93 69 76
15 94 42 28
15 95 80 64
15 96 57 27
15 97 92 76
15 98 73 41
15 99 83 65
16 17 995 989
16 18 996 980
16 19 989 992
16 20 75 34
16 21 92 30
16 22 77 78
16 23 29 67
16 24 53 65
16 25 39 22
16 26 88 44
16 27 71 90
16 28 46 69
16 29 80 52
16 30 82 26
16 31 46 43
16 32 38 70
16 33 36 37
16 34 43 44
16 35 71 33
16 36 83 30
16 37 85 67
16 38 67 59
16 39 60 69
16 40 65 88
16 41 75 76
16 42 48 68
16 43 87 50
16 44 54 31
16 45 32 59
16 46 88 62
16 47 64 82
16 48 95 31
16 49 83 63
16 50 68 75
16 51 32 60
16 52 60 25
16 53 31 86
16 54 66 66
16 55 92 45
16 56 43 82
16 57 34 95
16 58 59 43
16 59 99 89
16 60 98 53
16 61 89 51
16 62 55 20
16 63 27 26
16 64 39 43
16 65 89 78
16 66 73 62
16 67 44 94
16 68 94 26
16 69 83 39
16 70 94 27
16 71 75 64
16 72 49 32
16 73 69 25
16 74 94 43
16 75 73 22
16 76 25 68
16 77 97 66
16 78 58 95
16 79 91 21
16 80 31 75
16 81 39 85
16 82 64 42
16 83 92 53
16 84 47 92
16 85 27 75
16 86 24 59
16 87 61 52
16 88 49 52
16 89 87 65
16 90 84 88
16 91 79 78
16 92 89 45
16 93 100 36
16 94 21 72
16 95 38 87
16 96 93 89
16 97 25 99
16 98 24 64
16 99 61 96
17 18 986 991
17 19 998 982
17 20 54 61
17 21 23 47
17 22 91 93
17 23 96 22
17 24 55 74
17 25 46 53
17 26 67 33
17 27 35 25
17 28 82 88
17 29 89 77
17 30 79 70
17 31 88 52
17 32 79 55
17 33 85 55
17 34 99 99
17 35 51 87
17 36 31 53
17 37 96 94
17 38 28 23
17 39 68 85
17 40 58 59
17 41 32 80
17 42 23 24
17 43 98 83
17 44 83 87
17 45 60 72
17 46 90 95
17 47 92 62
17 48 82 70
17 49 84 22
17 50 36 40
17 51 23 93
17 52 56 81
17 53 67 74
17 54 94 76
17 55 33 33
17 56 81 68
17 57 68 42
17 58 93 34
17 59 46 51
17 60 83 33
17 61 35 63
17 62 34 47
17 63 68 77
17 64 72 68
17 65 21 40
17 66 71 88
17 67 74 62
17 68 78 64
17 69 82 49
17 70 72 71
17 71 67 22
17 72 57 27
17 73 35 82
17 74 76 37
17 75 81 30
17 76 46 96
17 77 26 90
17 78 79 23
17 79 66 53
17 80 70 21
17 81 76 87
17 82 60 48
17 83 65 53
17 84 43 96
17 85 87 68
17 86 54 59
17 87 66 68
17 88 71 71
17 89 22 90
17 90 48 64
17 91 50 37
17 92 58 98
17 93 73 34
17 94 93 48
17 95 80 50
17 96 91 86
17 97 100 72
17 98 91 23
17 99 22 43
18 19 982 989
18 20 92 55
18 21 79 51
18 22 72 45
18 23 54 39
18 24 81 44
18 25 71 45
18 26 92 61
18 27 98 38
18 28 99 61
18 29 45 59
18 30 53 46
18 31 84 71
18 32 74 45
18 33 37 84
18 34 88 79
18 35 24 24
18 36 55 97
18 37 60 67
18 38 29 33
18 39 95 65
18 40 26 70
18 41 93 80
18 42 57 39
18 43 21 65
18 44 38 86
18 45 65 59
18 46 63 52
18 47 23 65
18 48 35 34
18 49 62 66
18 50 23 35
18 51 92 79
18 52 43 25
18 53 45 67
18 54 44 28
18 55 86 79
18 56 55 39
18 57 33 32
18 58 69 72
18 59 100 76
18 60 31 46
18 61 66 54
18 62 48 94
18 63 38 26
18 64 38 57
18 65 32 31
18 66 35 38
18 67 29 71
18 68 54 30
18 69 39 37
18 70 77 60
18 71 86 100
18 72 53 46
18 73 77 30
18 74 41 84
18 75 63 60
18 76 61 63
18 77 27 97
18 78 51 33
18 79 30 93
18 80 21 39
18 81 42 73
18 82 51 30
18 83 30 58
18 84 72 25
18 85 84 61
18 86 75 75
18 87 38 92
18 88 43 23
18 89 98 90
18 90 45 83
18 91 66 89
18 92 35 70
18 93 66 89
18 94 45 90
18 95 77 54
18 96 78 78
18 97 58 46
18 98 92 54
18 99 82 23
19 20 41 52
19 21 33 100
19 22 58 82
19 23 74 77
19 24 41 86
19 25 65 72
19 26 30 61
19 27 93 86
19 28 85 45
19 29 25 85
19 30 88 33
19 31 86 44
19 32 56 51
19 33 96 87
19 34 87 72
19 35 99 50
19 36 46 23
19 37 93 67
19 38 92 59
19 39 54 50
19 40 95 23
19 41 59 93
19 42 28 35
19 43 27 60
19 44 59 38
19 45 83 21
19 46 51 58
19 47 72 52
19 48 44 72
19 49 77 65
19 50 63 74
19 51 36 47
19 52 100 68
19 53 32 22
19 54 22 67
19 55 64 74
19 56 32 81
19 57 44 73
19 58 94 65
19 59 59 36
19 60 85 96
19 61 48 76
19 62 96 37
19 63 67 79
19 64 54 98
19 65 86 48
19 66 41 94
19 67 57 60
19 68 83 28
19 69 26 25
19 70 91 90
19 71 51 68
19 72 47 29
19 73 94 90
19 74 30 67
19 75 63 26
19 76 56 70
19 77 37 34
19 78 69 87
19 79 62 27
19 80 98 62
19 81 23 78
19 82 73 25
19 83 47 81
19 84 30 72
19 85 58 98
19 86 63 61
19 87 90 33
19 88 25 99
19 89 72 29
19 90 28 99
19 91 57 38
19 92 22 21
19 93 92 45
19 94 34 22
19 95 86 39
19 96 70 78
19 97 85 40
19 98 84 77
19 99 63 38
20 21 995 988
20 22 980 999
20 23 989 984
20 24 49 99
20 25 45 34
20 26 87 23
20 27 52 77
20 28 60 66
20 29 73 64
20 30 21 69
20 31 73 61
20 32 32 35
20 33 27 55
20 34 50 37
20 35 47 55
20 36 64 99
20 37 59 82
20 38 61 26
20 39 83 82
20 40 50 86
20 41 98 48
20 42 92 55
20 43 38 20
20 44 55 86
20 45 40 42
20 46 69 43
20 47 62 73
20 48 83 70
20 49 65 97
20 50 30 31
20 51 48 34
20 52 37 28
20 53 55 34
20 54 70 88
20 55 66 99
20 56 88 51
20 57 43 92
20 58 43 67
20 59 39 23
20 60 74 34
20 61 71 87
20 62 38 26
20 63 88 75
20 64 27 60
20 65 56 83
20 66 45 96
20 67 99 76
20 68 85 27
20 69 68 68
20 70 53 76
20 71 33 41
20 72 57 40
20 73 91 62
20 74 62 94
20 75 96 73
20 76 92 99
20 77 33 49
20 78 67 30
20 79 68 43
20 80 71 51
20 81 23 78
20 82 77 64
20 83 75 88
20 84 41 29
20 85 68 67
20 86 99 27
20 87 88 93
20 88 34 91
20 89 76 86
20 90 59 39
20 91 95 86
20 92 88 97
20 93 53 86
20 94 97 74
20 95 24 87
20 96 77 24
20 97 51 53
20 98 92 60
20 99 61 58
21 22 992 983
21 23 983 988
21 24 61 95
21 25 35 82
21 26 46 65
21 27 38 99
21 28 43 92
21 29 69 24
21 30 94 78
21 31 35 76
21 32 77 98
21 33 89 40
21 34 77 24
21 35 86 29
21 36 46 30
21 37 97 31
21 38 71 76
21 39 42 63
21 40 52 72
21 41 27 70
21 42 29 51
21 43 100 23
21 44 40 57
21 45 87 32
21 46 82 72
21 47 55 93
21 48 38 75
21 49 67 91
21 50 100 37
21 51 34 40
21 52 49 54
21 53 35 99
21 54 86 36
21 55 33 49
21 56 71 94
21 57 36 51
21 58 50 47
21 59 80 45
21 60 49 23
21 61 51 80
21 62 85 41
21 63 97 27
21 64 43 35
21 65 90 83
21 66 87 56
21 67 46 76
21 68 57 55
21 69 44 73
21 70 81 40
21 71 49 88
21 72 23 36
21 73 50 76
21 74 91 99
21 75 24 74
21 76 20 60
21 77 29 26
21 78 36 85
21 79 54 43
21 80 76 61
21 81 86 97
21 82 96 47
21 83 97 97
21 84 30 91
21 85 60 70
21 86 46 71
21 87 57 60
21 88 49 32
21 89 91 29
21 90 31 87
21 91 44 22
21 92 93 37
21 93 45 38
21 94 74 88
21 95 60 47
21 96 36 89
21 97 58 91
21 98 69 80
21 99 78 47
22 23 980 995
22 24 66 48
22 25 92 53
22 26 61 44
22 27 57 29
22 28 56 39
22 29 86 71
22 30 94 91
22 31 32 68
22 32 24 37
22 33 42 34
22 34 93 29
22 35 23 53
22 36 70 74
22 37 75 43
22 38 75 32
22 39 37 93
22 40 80 46
22 41 92 33
22 42 90 60
22 43 62 64
22 44 38 78
22 45 44 78
22 46 49 28
22 47 48 41
22 48 37 73
22 49 46 69
22 50 43 85
22 51 27 88
22 52 40 49
22 53 99 46
22 54 85 89
22 55 48 99
22 56 73 29
22 57 61 28
22 58 44 98
22 59 89 94
22 60 69 23
22 61 39 89
22 62 49 26
22 63 75 51
22 64 66 71
22 65 75 21
22 66 50 27
22 67 28 31
22 68 84 71
22 69 78 57
22 70 82 42
22 71 83 50
22 72 42 49
22 73 35 72
22 74 80 89
22 75 21 45
22 76 31 21
22 77 79 83
22 78 77 79
22 79 21 54
22 80 33 68
22 81 47 82
22 82 55 74
22 83 89 98
22 84 76 28
22 85 78 44
22 86 33 43
22 87 22 89
22 88 26 55
22 89 43 58
22 90 45 59
22 91 89 38
22 92 31 35
22 93 45 98
22 94 34 23
22 95 59 39
22 96 100 60
22 97 84 34
22 98 36 92
22 99 42 60
23 24 41 82
23 25 34 77
23 26 72 27
23 27 22 40
23 28 29 71
23 29 55 46
23 30 60 88
23 31 95 67
23 32 23 23
23 33 66 69
23 34 29 41
23 35 63 53
23 36 88 31
23 37 32 32
23 38 95 40
23 39 88 48
23 40 89 40
23 41 68 93
23 42 74 21
23 43 95 27
23 44 40 24
23 45 35 51
23 46 71 84
23 47 76 23
23 48 96 65
23 49 46 45
23 50 93 38
23 51 45 93
23 52 73 36
23 53 83 89
23 54 22 34
23 55 79 87
23 56 86 33
23 57 60 80
23 58 93 76
23 59 25 51
23 60 99 33
23 61 30 67
23 62 77 89
23 63 37 53
23 64 44 76
23 65 63 62
23 66 20 99
23 67 73 91
23 68 89 25
23 69 80 93
23 70 67 86
23 71 21 25
23 72 32 73
23 73 52 70
23 74 70 79
23 75 78 55
23 76 73 76
23 77 81 43
23 78 50 22
23 79 27 96
23 80 83 75
23 81 94 70
23 82 34 93
23 83 62 71
23 84 94 79
23 85 89 34
23 86 35 81
23 87 26 67
23 88 75 98
23 89 83 28
23 90 20 96
23 91 41 91
23 92 37 38
23 93 74 80
23 94 81 93
23 95 94 27
23 96 57 73
23 97 67 84
23 98 99 60
23 99 60 94
24 25 994 983
24 26 987 996
24 27 996 987
24 28 34 24
24 29 43 21
24 30 50 85
24 31 81 89
24 32 47 60
24 33 94 61
24 34 58 92
24 35 55 71
24 36 60 47
24 37 70 41
24 38 98 74
24 39 55 100
24 40 26 72
24 41 95 46
24 42 97 77
24 43 99 44
24 44 89 36
24 45 96 58
24 46 87 70
24 47 20 50
24 48 58 25
24 49 61 87
24 50 63 37
24 51 86 43
24 52 48 36
24 53 80 51
24 54 65 55
24 55 21 79
24 56 95 99
24 57 71 40
24 58 39 57
24 59 41 44
24 60 38 72
24 61 33 61
24 62 27 91
24 63 74 80
24 64 66 35
24 65 92 65
24 66 33 33
24 67 88 63
24 68 67 90
24 69 22 61
24 70 50 87
24 71 64 55
24 72 92 49
24 73 42 26
24 74 47 93
24 75 37 94
24 76 63 29
24 77 88 30
24 78 20 72
24 79 96 50
24 80 58 98
24 81 87 43
24 82 88 71
24 83 27 69
24 84 52 91
24 85 78 34
24 86 32 26
24 87 34 53
24 88 28 57
24 89 79 91
24 90 36 21
24 91 80 25
24 92 59 28
24 93 45 72
24 94 84 100
24 95 60 49
24 96 46 26
24 97 58 80
24 98 38 29
24 99 87 97
25 26 994 989
25 27 996 986
25 28 44 33
25 29 53 55
25 30 50 65
25 31 30 74
25 32 43 36
25 33 79 92
25 34 77 37
25 35 86 94
25 36 45 61
25 37 73 83
25 38 76 20
25 39 89 22
25 40 55 55
25 41 49 94
25 42 55 80
25 43 42 27
25 44 88 44
25 45 65 78
25 46 42 43
25 47 42 68
25 48 100 84
25 49 61 51
25 50 87 96
25 51 23 98
25 52 87 75
25 53 86 23
25 54 83 24
25 55 70 50
25 56 79 44
25 57 84 57
25 58 82 38
25 59 50 72
25 60 35 88
25 61 36 90
25 62 30 44
25 63 21 35
25 64 41 30
25 65 48 94
25 66 36 77
25 67 38 89
25 68 28 70
25 69 69 42
25 70 40 66
25 71 80 42
25 72 39 61
25 73 100 83
25 74 24 28
25 75 56 89
25 76 94 99
25 77 21 92
25 78 73 95
25 79 35 91
25 80 47 68
25 81 66 43
25 82 53 64
25 83 63 60
25 84 27 66
25 85 81 75
25 86 69 38
25 87 87 71
25 88 37 36
25 89 93 84
25 90 91 52
25 91 87 40
25 92 85 57
25 93 84 92
25 94 47 87
25 95 32 68
25 96 26 38
25 97 71 40
25 98 48 85
25 99 95 56
26 27 995 995
26 28 23 85
26 29 95 64
26 30 25 99
26 31 78 61
26 32 56 66
26 33 38 40
26 34 59 59
26 35 60 66
26 36 94 93
26 37 53 31
26 38 58 63
26 39 22 83
26 40 97 45
26 41 68 58
26 42 51 26
26 43 88 34
26 44 88 37
26 45 82 81
26 46 45 82
26 47 75 94
26 48 52 81
26 49 80 47
26 50 75 96
26 51 54 97
26 52 48 24
26 53 93 28
26 54 48 80
26 55 95 70
26 56 66 22
26 57 48 49
26 58 28 32
26 59 57 27
26 60 94 25
26 61 54 72
26 62 77 34
26 63 67 73
26 64 26 38
26 65 31 64
26 66 95 37
26 67 55 60
26 68 26 91
26 69 98 30
26 70 59 44
26 71 94 95
26 72 85 54
26 73 70 36
26 74 40 50
26 75 83 67
26 76 24 83
26 77 22 32
26 78 21 46
26 79 52 48
26 80 28 32
26 81 70 56
26 82 94 48
26 83 62 77
26 84 87 37
26 85 76 77
26 86 96 44
26 87 44 45
26 88 28 50
26 89 80 56
26 90 89 83
26 91 38 84
26 92 60 60
26 93 65 96
26 94 54 88
26 95 30 42
26 96 68 46
26 97 89 58
26 98 55 28
26 99 33 49
27 28 74 99
27 29 40 29
27 30 27 70
27 31 33 78
27 32 75 39
27 33 36 98
27 34 29 92
27 35 82 49
27 36 55 56
27 37 58 51
27 38 59 71
27 39 35 74
27 40 86 95
27 41 70 79
27 42 96 21
27 43 24 90
27 44 42 100
27 45 48 79
27 46 95 77
27 47 49 28
27 48 91 76
27 49 100 94
27 50 80 36
27 51 49 53
27 52 52 39
27 53 96 30
27 54 48 70
27 55 95 23
27 56 33 42
27 57 72 24
27 58 29 80
27 59 56 92
27 60 90 45
27 61 39 26
27 62 24 56
27 63 58 88
27 64 98 73
27 65 85 51
27 66 55 49
27 67 61 98
27 68 98 67
27 69 48 90
27 70 80 32
27 71 63 45
27 72 57 68
27 73 82 84
27 74 95 84
27 75 57 72
27 76 81 21
27 77 34 100
27 78 31 57
27 79 56 47
27 80 87 68
27 81 68 98
27 82 42 82
27 83 23 67
27 84 78 43
27 85 53 99
27 86 55 86
27 87 86 27
27 88 25 51
27 89 63 34
27 90 46 61
27 91 22 74
27 92 71 24
27 93 61 24
27 94 39 100
27 95 50 28
27 96 33 26
27 97 45 40
27 98 58 46
27 99 27 47
28 29 985 995
28 30 989 981
28 31 992 984
28 32 70 38
28 33 51 65
28 34 98 57
28 35 35 75
28 36 50 47
28 37 23 67
28 38 55 46
28 39 97 82
28 40 70 55
28 41 32 31
28 42 42 70
28 43 52 21
28 44 70 86
28 45 30 65
28 46 73 56
28 47 48 99
28 48 97 52
28 49 60 83
28 50 80 64
28 51 25 82
28 52 24 94
28 53 95 55
28 54 83 65
28 55 38 43
28 56 60 28
28 57 100 90
28 58 82 42
28 59 46 57
28 60 28 31
28 61 83 54
28 62 23 42
28 63 27 95
28 64 50 69
28 65 89 95
28 66 46 82
28 67 37 93
28 68 71 32
28 69 60 61
28 70 88 34
28 71 55 51
28 72 77 87
28 73 55 75
28 74 55 50
28 75 77 45
28 76 48 29
28 77 46 75
28 78 84 59
28 79 63 34
28 80 52 70
28 81 98 89
28 82 24 98
28 83 87 41
28 84 28 98
28 85 82 68
28 86 48 32
28 87 89 34
28 88 69 47
28 89 28 66
28 90 47 64
28 91 44 58
28 92 95 56
28 93 20 99
28 94 64 22
28 95 89 74
28 96 61 89
28 97 28 78
28 98 42 30
28 99 33 86
29 30 985 984
29 31 998 997
29 32 76 64
29 33 65 39
29 34 22 48
29 35 91 79
29 36 88 54
29 37 36 28
29 38 72 55
29 39 57 66
29 40 34 44
29 41 32 52
29 42 25 24
29 43 70 81
29 44 23 21
29 45 41 37
29 46 55 49
29 47 64 31
29 48 60 34
29 49 47 44
29 50 98 21
29 51 39 62
29 52 81 89
29 53 59 46
29 54 61 74
29 55 87 26
29 56 58 63
29 57 62 71
29 58 71 89
29 59 44 60
29 60 89 83
29 61 25 85
29 62 25 74
29 63 84 58
29 64 84 41
29 65 25 82
29 66 80 57
29 67 79 47
29 68 61 73
29 69 32 94
29 70 74 37
29 71 65 27
29 72 55 100
29 73 62 33
29 74 21 21
29 75 55 72
29 76 85 41
29 77 35 90
29 78 21 34
29 79 81 76
29 80 52 32
29 81 84 58
29 82 95 65
29 83 26 84
29 84 65 36
29 85 95 51
29 86 97 93
29 87 22 71
29 88 96 46
29 89 37 81
29 90 55 78
29 91 38 93
29 92 88 84
29 93 94 75
29 94 84 60
29 95 65 46
29 96 74 90
29 97 56 44
29 98 30 98
29 99 40 93
30 31 997 992
30 32 96 48
30 33 22 62
30 34 78 20
30 35 28 54
30 36 80 31
30 37 39 52
30 38 98 75
30 39 98 94
30 40 92 68
30 41 44 32
30 42 40 91
30 43 94 38
30 44 25 58
30 45 33 87
30 46 26 69
30 47 61 91
30 48 89 26
30 49 74 98
30 50 34 46
30 51 64 24
30 52 96 56
30 53 39 29
30 54 95 92
30 55 35 91
30 56 91 71
30 57 91 34
30 58 70 47
30 59 88 84
30 60 96 60
30 61 47 46
30 62 84 94
30 63 52 23
30 64 23 54
30 65 23 60
30 66 47 72
30 67 26 99
30 68 95 89
30 69 100 44
30 70 75 32
30 71 46 77
30 72 87 20
30 73 77 67
30 74 71 92
30 75 24 33
30 76 96 30
30 77 81 57
30 78 77 79
30 79 35 47
30 80 50 100
30 81 24 75
30 82 76 97
30 83 24 35
30 84 59 40
30 85 95 32
30 86 65 27
30 87 50 83
30 88 64 64
30 89 50 69
30 90 79 90
30 91 79 31
30 92 92 30
30 93 23 57
30 94 56 66
30 95 46 43
30 96 29 24
30 97 29 48
30 98 70 93
30 99 24 34
31 32 54 60
31 33 53 54
31 34 21 76
31 35 67 97
31 36 23 51
31 37 96 46
31 38 78 30
31 39 52 88
31 40 58 28
31 41 90 33
31 42 63 29
31 43 95 30
31 44 64 50
31 45 21 86
31 46 76 53
31 47 47 91
31 48 52 63
31 49 20 27
31 50 66 64
31 51 25 39
31 52 51 67
31 53 65 20
31 54 65 80
31 55 89 91
31 56 82 99
31 57 72 85
31 58 31 64
31 59 68 41
31 60 96 30
31 61 85 41
31 62 86 95
31 63 38 32
31 64 30 76
31 65 78 90
31 66 47 81
31 67 27 58
31 68 76 74
31 69 32 69
31 70 86 54
31 71 93 39
31 72 53 78
31 73 34 94
31 74 61 36
31 75 24 73
31 76 95 42
31 77 91 55
31 78 23 52
31 79 62 80
31 80 22 55
31 81 34 62
31 82 22 47
31 83 61 85
31 84 76 26
31 85 95 98
31 86 60 88
31 87 94 45
31 88 40 63
31 89 90 21
31 90 26 98
31 91 71 23
31 92 92 59
31 93 22 61
31 94 82 80
31 95 86 29
31 96 45 60
31 97 36 45
31 98 98 67
31 99 53 89
32 33 987 993
32 34 989 983
32 35 992 982
32 36 44 57
32 37 44 83
32 38 93 48
32 39 68 85
32 40 83 42
32 41 98 69
32 42 95 78
32 43 98 79
32 44 30 35
32 45 63 97
32 46 75 49
32 47 41 68
32 48 74 70
32 49 79 70
32 50 46 71
32 51 82 24
32 52 68 83
32 53 74 28
32 54 42 92
32 55 45 79
32 56 55 33
32 57 99 23
32 58 25 76
32 59 79 47
32 60 78 52
32 61 65 86
32 62 80 46
32 63 66 59
32 64 69 65
32 65 74 29
32 66 80 30
32 67 94 48
32 68 21 25
32 69 22 30
32 70 56 45
32 71 88 64
32 72 23 71
32 73 78 82
32 74 58 85
32 75 58 41
32 76 54 74
32 77 27 57
32 78 38 28
32 79 97 51
32 80 91 69
32 81 92 60
32 82 68 97
32 83 29 32
32 84 91 72
32 85 85 51
32 86 28 87
32 87 96 70
32 88 23 30
32 89 59 91
32 90 97 52
32 91 43 61
32 92 33 20
32 93 70 51
32 94 75 48
32 95 56 29
32 96 66 83
32 97 75 92
32 98 95 56
32 99 25 76
33 34 999 999
33 35 983 984
33 36 94 22
33 37 31 43
33 38 50 72
33 39 50 84
33 40 45 61
33 41 91 62
33 42 54 99
33 43 30 98
33 44 42 63
33 45 89 87
33 46 85 67
33 47 83 25
33 48 84 69
33 49 59 84
33 50 70 91
33 51 24 64
33 52 65 57
33 53 38 60
33 54 95 37
33 55 35 67
33 56 68 87
33 57 91 27
33 58 69 41
33 59 63 23
33 60 50 41
33 61 43 77
33 62 71 31
33 63 63 23
33 64 62 75
33 65 50 22
33 66 60 52
33 67 77 48
33 68 45 95
33 69 83 23
33 70 99 93
33 71 94 30
33 72 91 30
33 73 49 40
33 74 49 74
33 75 60 58
33 76 50 43
33 77 64 84
33 78 44 31
33 79 29 73
33 80 78 70
33 81 55 69
33 82 70 86
33 83 72 53
33 84 29 41
33 85 94 49
33 86 30 94
33 87 57 52
33 88 40 70
33 89 25 28
33 90 96 80
33 91 42 77
33 92 40 84
33 93 100 54
33 94 79 22
33 95 94 26
33 96 22 98
33 97 94 66
33 98 50 76
33 99 92 38
34 35 988 984
34 36 52 36
34 37 66 45
34 38 87 92
34 39 93 83
34 40 60 97
34 41 48 22
34 42 52 42
34 43 92 47
34 44 63 44
34 45 61 91
34 46 97 37
34 47 50 34
34 48 82 46
34 49 80 22
34 50 55 50
34 51 77 24
34 52 79 21
34 53 55 66
34 54 62 75
34 55 47 57
34 56 54 37
34 57 64 65
34 58 97 49
34 59 50 51
34 60 99 34
34 61 90 83
34 62 85 23
34 63 55 84
34 64 62 50
34 65 93 96
34 66 77 32
34 67 60 93
34 68 93 73
34 69 50 90
34 70 38 79
34 71 76 93
34 72 53 53
34 73 30 46
34 74 41 88
34 75 55 41
34 76 33 23
34 77 86 28
34 78 30 53
34 79 56 24
34 80 63 22
34 81 90 42
34 82 67 90
34 83 98 53
34 84 72 97
34 85 84 50
34 86 85 73
34 87 27 60
34 88 28 64
34 89 77 45
34 90 97 39
34 91 82 74
34 92 79 38
34 93 64 22
34 94 72 21
34 95 62 37
34 96 75 55
34 97 100 25
34 98 82 43
34 99 97 49
35 36 97 69
35 37 78 76
35 38 24 64
35 39 49 99
35 40 78 62
35 41 69 20
35 42 20 86
35 43 36 83
35 44 38 49
35 45 51 22
35 46 33 95
35 47 22 57
35 48 30 85
35 49 38 69
35 50 29 44
35 51 98 90
35 52 21 71
35 53 57 60
35 54 22 71
35 55 62 53
35 56 26 39
35 57 37 36
35 58 90 84
35 59 87 23
35 60 67 97
35 61 86 86
35 62 38 55
35 63 32 25
35 64 57 29
35 65 65 68
35 66 91 49
35 67 42 82
35 68 36 45
35 69 76 31
35 70 74 28
35 71 33 33
35 72 27 87
35 73 46 26
35 74 21 53
35 75 78 93
35 76 73 83
35 77 89 80
35 78 79 28
35 79 38 86
35 80 41 24
35 81 29 58
35 82 70 98
35 83 43 59
35 84 39 31
35 85 68 52
35 86 52 84
35 87 57 39
35 88 61 97
35 89 60 60
35 90 83 98
35 91 72 33
35 92 60 85
35 93 83 33
35 94 62 36
35 95 78 27
35 96 86 48
35 97 78 29
35 98 50 73
35 99 100 72
36 37 994 988
36 38 982 992
36 39 986 986
36 40 92 21
36 41 52 29
36 42 34 21
36 43 61 77
36 44 66 93
36 45 51 35
36 46 93 48
36 47 56 21
36 48 44 23
36 49 84 93
36 50 80 91
36 51 78 83
36 52 20 85
36 53 30 80
36 54 59 46
36 55 61 37
36 56 63 69
36 57 96 97
36 58 41 78
36 59 58 22
36 60 39 95
36 61 100 50
36 62 40 35
36 63 86 41
36 64 36 74
36 65 28 96
36 66 93 34
36 67 76 67
36 68 59 42
36 69 57 95
36 70 36 80
36 71 72 51
36 72 62 44
36 73 35 72
36 74 40 66
36 75 21 52
36 76 81 37
36 77 71 48
36 78 91 83
36 79 78 98
36 80 74 94
36 81 44 96
36 82 50 96
36 83 56 61
36 84 59 55
36 85 84 62
36 86 38 28
36 87 81 27
36 88 78 72
36 89 78 41
36 90 88 72
36 91 53 37
36 92 46 58
36 93 93 62
36 94 80 78
36 95 56 28
36 96 100 83
36 97 33 46
36 98 41 96
36 99 96 73
37 38 995 996
37 39 994 994
37 40 28 76
37 41 59 98
37 42 65 44
37 43 36 26
37 44 73 65
37 45 92 35
37 46 69 65
37 47 72 71
37 48 85 72
37 49 47 44
37 50 96 92
37 51 79 96
37 52 80 38
37 53 64 38
37 54 84 39
37 55 65 34
37 56 68 68
37 57 56 28
37 58 99 56
37 59 43 54
37 60 90 49
37 61 85 22
37 62 31 22
37 63 37 81
37 64 85 30
37 65 40 35
37 66 86 93
37 67 70 23
37 68 93 38
37 69 64 75
37 70 26 63
37 71 63 23
37 72 62 74
37 73 35 41
37 74 88 85
37 75 27 23
37 76 84 27
37 77 47 82
37 78 29 80
37 79 89 52
37 80 28 29
37 81 88 41
37 82 46 77
37 83 29 80
37 84 28 35
37 85 73 91
37 86 53 68
37 87 36 73
37 88 27 70
37 89 68 82
37 90 45 50
37 91 51 36
37 92 62 77
37 93 81 64
37 94 63 21
37 95 59 67
37 96 39 89
37 97 69 41
37 98 68 37
37 99 99 78
38 39 998 995
38 40 49 94
38 41 45 44
38 42 46 58
38 43 72 72
38 44 68 69
38 45 34 73
38 46 68 31
38 47 21 93
38 48 70 21
38 49 45 50
38 50 24 85
38 51 70 94
38 52 89 50
38 53 46 93
38 54 87 24
38 55 49 91
38 56 51 31
38 57 66 26
38 58 96 45
38 59 69 43
38 60 41 36
38 61 55 78
38 62 84 51
38 63 73 88
38 64 36 24
38 65 85 21
38 66 87 96
38 67 49 46
38 68 68 93
38 69 23 21
38 70 53 39
38 71 54 80
38 72 59 96
38 73 85 31
38 74 27 71
38 75 96 34
38 76 23 89
38 77 96 77
38 78 81 97
38 79 74 69
38 80 87 88
38 81 67 46
38 82 75 92
38 83 86 29
38 84 86 24
38 85 95 56
38 86 39 26
38 87 22 98
38 88 21 76
38 89 66 21
38 90 34 96
38 91 84 65
38 92 28 90
38 93 47 77
38 94 45 28
38 95 55 86
38 96 31 23
38 97 50 80
38 98 43 97
38 99 74 84
39 40 74 74
39 41 96 49
39 42 75 33
39 43 40 80
39 44 22 50
39 45 30 42
39 46 76 85
39 47 63 48
39 48 30 45
39 49 89 61
39 50 98 65
39 51 74 21
39 52 47 77
39 53 37 85
39 54 77 69
39 55 45 85
39 56 92 95
39 57 27 36
39 58 91 98
39 59 36 78
39 60 27 60
39 61 61 43
39 62 46 83
39 63 66 81
39 64 61 94
39 65 32 77
39 66 38 71
39 67 38 62
39 68 60 47
39 69 38 34
39 70 92 33
39 71 75 78
39 72 33 74
39 73 66 67
39 74 30 52
39 75 93 94
39 76 27 54
39 77 34 100
39 78 97 89
39 79 71 65
39 80 71 94
39 81 29 96
39 82 87 21
39 83 89 98
39 84 24 34
39 85 71 57
39 86 65 48
39 87 29 25
39 88 76 41
39 89 59 58
39 90 48 27
39 91 29 43
39 92 60 67
39 93 53 40
39 94 92 95
39 95 60 35
39 96 95 99
39 97 47 92
39 98 66 21
39 99 26 79
40 41 986 998
40 42 994 981
40 43 986 981
40 44 42 80
40 45 93 43
40 46 50 51
40 47 28 85
40 48 81 68
40 49 78 92
40 50 71 60
40 51 39 99
40 52 68 22
40 53 90 31
40 54 59 43
40 55 31 93
40 56 34 99
40 57 63 83
40 58 56 35
40 59 42 43
40 60 77 48
40 61 70 48
40 62 37 70
40 63 26 93
40 64 20 25
40 65 97 44
40 66 61 79
40 67 60 38
40 68 76 27
40 69 73 72
40 70 89 95
40 71 39 86
40 72 94 41
40 73 66 47
40 74 80 59
40 75 77 62
40 76 62 52
40 77 94 100
40 78 59 49
40 79 47 58
40 80 68 92
40 81 79 62
40 82 91 95
40 83 88 76
40 84 28 77
40 85 87 35
40 86 38 94
40 87 89 94
40 88 61 83
40 89 49 66
40 90 83 67
40 91 22 27
40 92 90 37
40 93 45 79
40 94 23 84
40 95 90 45
40 96 92 20
40 97 65 83
40 98 49 52
40 99 64 46
41 42 992 999
41 43 982 990
41 44 98 99
41 45 65 74
41 46 78 43
41 47 48 76
41 48 49 53
41 49 67 100
41 50 74 92
41 51 88 20
41 52 36 44
41 53 21 89
41 54 89 99
41 55 29 83
41 56 88 29
41 57 97 24
41 58 86 40
41 59 70 62
41 60 64 49
41 61 94 40
41 62 66 74
41 63 59 26
41 64 41 65
41 65 87 32
41 66 53 65
41 67 48 93
41 68 93 52
41 69 22 75
41 70 36 52
41 71 34 39
41 72 74 38
41 73 99 43
41 74 59 77
41 75 76 92
41 76 66 46
41 77 66 27
41 78 86 74
41 79 38 35
41 80 87 80
41 81 38 86
41 82 40 82
41 83 66 41
41 84 64 28
41 85 32 65
41 86 41 91
41 87 69 21
41 88 81 75
41 89 86 76
41 90 99 68
41 91 21 67
41 92 70 55
41 93 66 66
41 94 91 30
41 95 57 91
41 96 48 67
41 97 46 80
41 98 74 62
41 99 20 71
42 43 990 991
42 44 65 82
42 45 28 86
42 46 77 80
42 47 49 66
42 48 40 49
42 49 59 47
42 50 45 52
42 51 67 32
42 52 54 25
42 53 51 64
42 54 39 47
42 55 96 61
42 56 62 66
42 57 65 44
42 58 77 80
42 59 59 68
42 60 67 69
42 61 62 41
42 62 79 22
42 63 45 30
42 64 55 68
42 65 50 69
42 66 83 38
42 67 86 25
42 68 23 46
42 69 71 32
42 70 29 31
42 71 60 99
42 72 70 32
42 73 91 97
42 74 23 81
42 75 93 62
42 76 89 80
42 77 51 25
42 78 59 77
42 79 97 74
42 80 67 75
42 81 92 25
42 82 92 36
42 83 40 81
42 84 43 97
42 85 65 62
42 86 25 24
42 87 44 62
42 88 37 85
42 89 35 79
42 90 32 49
42 91 57 28
42 92 37 68
42 93 75 50
42 94 82 97
42 95 78 68
42 96 49 95
42 97 52 53
42 98 24 73
42 99 66 80
43 44 43 21
43 45 30 29
43 46 25 97
43 47 88 42
43 48 24 23
43 49 41 92
43 50 50 46
43 51 59 45
43 52 29 36
43 53 76 31
43 54 28 83
43 55 22 93
43 56 50 54
43 57 66 40
43 58 68 63
43 59 84 28
43 60 86 53
43 61 28 52
43 62 52 45
43 63 76 25
43 64 71 29
43 65 73 91
43 66 22 48
43 67 35 91
43 68 31 93
43 69 86 30
43 70 71 73
43 71 24 49
43 72 36 80
43 73 54 31
43 74 22 68
43 75 55 74
43 76 76 78
43 77 99 91
43 78 31 95
43 79 90 74
43 80 33 86
43 81 55 26
43 82 41 62
43 83 32 49
43 84 69 74
43 85 35 96
43 86 97 84
43 87 27 56
43 88 45 60
43 89 77 50
43 90 94 95
43 91 59 51
43 92 82 60
43 93 21 21
43 94 30 98
43 95 22 44
43 96 76 65
43 97 52 54
43 98 70 39
43 99 73 98
44 45 992 989
44 46 980 980
44 47 991 986
44 48 56 42
44 49 33 75
44 50 79 50
44 51 62 59
44 52 33 33
44 53 49 39
44 54 59 37
44 55 51 83
44 56 26 93
44 57 30 23
44 58 59 64
44 59 36 99
44 60 66 80
44 61 66 37
44 62 89 38
44 63 61 30
44 64 41 35
44 65 80 40
44 66 55 57
44 67 44 20
44 68 44 57
44 69 55 47
44 70 85 32
44 71 98 38
44 72 78 21
44 73 59 71
44 74 43 82
44 75 44 32
44 76 82 25
44 77 36 54
44 78 69 26
44 79 29 81
44 80 69 21
44 81 51 68
44 82 55 85
44 83 47 80
44 84 39 80
44 85 26 40
44 86 71 94
44 87 65 37
44 88 89 62
44 89 57 80
44 90 71 80
44 91 91 96
44 92 92 85
44 93 76 86
44 94 98 35
44 95 97 54
44 96 68 62
44 97 91 81
44 98 64 21
44 99 80 26
45 46 989 999
45 47 998 984
45 48 84 60
45 49 99 97
45 50 68 37
45 51 64 91
45 52 35 22
45 53 71 44
45 54 60 89
45 55 23 54
45 56 65 40
45 57 28 48
45 58 84 66
45 59 57 32
45 60 53 27
45 61 39 34
45 62 68 39
45 63 29 97
45 64 24 48
45 65 85 45
45 66 66 62
45 67 41 78
45 68 80 96
45 69 65 81
45 70 86 44
45 71 77 36
45 72 60 42
45 73 72 30
45 74 35 71
45 75 66 84
45 76 61 27
45 77 43 55
45 78 81 87
45 79 31 24
45 80 81 86
45 81 70 92
45 82 81 85
45 83 33 54
45 84 54 30
45 85 89 93
45 86 33 72
45 87 50 94
45 88 89 60
45 89 64 28
45 90 37 31
45 91 79 77
45 92 81 74
45 93 39 63
45 94 23 86
45 95 61 58
45 96 74 52
45 97 29 58
45 98 32 85
45 99 57 42
46 47 995 995
46 48 30 39
46 49 69 92
46 50 73 82
46 51 22 42
46 52 85 61
46 53 91 34
46 54 29 75
46 55 82 90
46 56 99 75
46 57 23 78
46 58 24 67
46 59 45 88
46 60 74 73
46 61 43 41
46 62 44 23
46 63 68 100
46 64 79 62
46 65 53 99
46 66 77 22
46 67 57 32
46 68 29 37
46 69 74 95
46 70 29 68
46 71 53 67
46 72 39 73
46 73 86 60
46 74 92 78
46 75 96 97
46 76 75 59
46 77 29 32
46 78 73 63
46 79 67 74
46 80 37 50
46 81 97 80
46 82 55 82
46 83 86 32
46 84 88 93
46 85 47 95
46 86 65 98
46 87 32 59
46 88 69 98
46 89 91 52
46 90 50 97
46 91 59 30
46 92 83 47
46 93 40 33
46 94 71 39
46 95 52 31
46 96 95 48
46 97 43 26
46 98 89 29
46 99 32 100
47 48 36 84
47 49 98 37
47 50 88 45
47 51 40 43
47 52 60 48
47 53 35 27
47 54 43 87
47 55 67 58
47 56 53 27
47 57 75 49
47 58 38 41
47 59 67 84
47 60 87 43
47 61 82 51
47 62 27 82
47 63 64 46
47 64 93 74
47 65 45 76
47 66 73 73
47 67 24 44
47 68 82 47
47 69 70 51
47 70 72 41
47 71 51 59
47 72 31 28
47 73 25 55
47 74 41 47
47 75 63 24
47 76 68 62
47 77 32 30
47 78 44 26
47 79 39 85
47 80 42 37
47 81 66 26
47 82 79 91
47 83 22 97
47 84 88 86
47 85 94 47
47 86 23 40
47 87 58 95
47 88 78 62
47 89 63 39
47 90 87 30
47 91 46 25
47 92 42 31
47 93 32 82
47 94 55 79
47 95 40 73
47 96 27 27
47 97 94 42
47 98 81 73
47 99 62 26
48 49 991 984
48 50 995 983
48 51 993 1000
48 52 25 65
48 53 91 53
48 54 41 71
48 55 97 78
48 56 33 67
48 57 86 62
48 58 100 22
48 59 21 75
48 60 35 82
48 61 44 95
48 62 51 95
48 63 39 60
48 64 40 61
48 65 89 63
48 66 29 99
48 67 89 34
48 68 26 50
48 69 38 83
48 70 39 98
48 71 82 97
48 72 86 73
48 73 24 56
48 74 20 79
48 75 59 72
48 76 76 84
48 77 36 60
48 78 98 54
48 79 74 73
48 80 24 92
48 81 87 52
48 82 55 91
48 83 36 22
48 84 99 65
48 85 51 38
48 86 72 66
48 87 28 85
48 88 92 29
48 89 46 95
48 90 21 35
48 91 89 64
48 92 37 74
48 93 90 79
48 94 47 85
48 95 38 85
48 96 58 48
48 97 32 61
48 98 31 72
48 99 75 64
49 50 982 989
49 51 981 998
49 52 75 45
49 53 98 27
49 54 76 97
49 55 90 42
49 56 73 37
49 57 83 91
49 58 84 81
49 59 83 37
49 60 48 87
49 61 22 56
49 62 35 36
49 63 36 84
49 64 82 61
49 65 24 99
49 66 73 64
49 67 56 83
49 68 64 83
49 69 68 52
49 70 56 66
49 71 77 23
49 72 98 79
49 73 78 75
49 74 86 54
49 75 90 24
49 76 82 29
49 77 59 52
49 78 52 29
49 79 31 92
49 80 35 40
49 81 50 31
49 82 34 41
49 83 29 61
49 84 68 54
49 85 37 59
49 86 86 91
49 87 58 54
49 88 25 50
49 89 21 43
49 90 44 51
49 91 91 63
49 92 71 57
49 93 71 21
49 94 35 29
49 95 79 44
49 96 67 46
49 97 29 70
49 98 61 51
49 99 50 65
50 51 981 988
50 52 57 93
50 53 47 96
50 54 42 42
50 55 27 35
50 56 87 96
50 57 61 22
50 58 93 35
50 59 40 61
50 60 53 85
50 61 88 38
50 62 92 90
50 63 23 31
50 64 65 75
50 65 48 56
50 66 32 36
50 67 79 28
50 68 27 77
50 69 72 84
50 70 77 22
50 71 48 31
50 72 58 83
50 73 60 40
50 74 70 32
50 75 24 98
50 76 38 29
50 77 32 23
50 78 100 26
50 79 80 91
50 80 44 28
50 81 35 82
50 82 53 41
50 83 91 84
50 84 86 72
50 85 65 99
50 86 95 53
50 87 54 67
50 88 98 57
50 89 71 98
50 90 98 83
50 91 48 24
50 92 38 45
50 93 75 88
50 94 54 68
50 95 26 22
50 96 75 57
50 97 56 61
50 98 47 71
50 99 74 80
51 52 94 56
51 53 72 33
51 54 82 33
51 55 84 79
51 56 96 78
51 57 57 53
51 58 97 64
51 59 66 35
51 60 98 32
51 61 69 78
51 62 70 26
51 63 95 34
51 64 89 66
51 65 71 38
51 66 30 79
51 67 30 46
51 68 33 67
51 69 61 50
51 70 44 70
51 71 27 40
51 72 40 22
51 73 75 25
51 74 52 64
51 75 57 91
51 76 31 72
51 77 52 61
51 78 100 92
51 79 23 96
51 80 65 63
51 81 95 64
51 82 54 25
51 83 39 46
51 84 86 76
51 85 93 25
51 86 59 71
51 87 57 85
51 88 80 94
51 89 89 67
51 90 97 99
51 91 84 83
51 92 45 58
51 93 78 69
51 94 60 49
51 95 24 69
51 96 59 87
51 97 97 40
51 98 92 86
51 99 90 85
52 53 998 994
52 54 990 997
52 55 990 997
52 56 71 36
52 57 35 46
52 58 49 93
52 59 68 79
52 60 29 81
52 61 27 42
52 62 51 92
52 63 82 40
52 64 100 61
52 65 22 90
52 66 49 25
52 67 26 91
52 68 51 84
52 69 60 38
52 70 78 49
52 71 37 27
52 72 70 37
52 73 48 67
52 74 62 65
52 75 52 70
52 76 41 21
52 77 49 68
52 78 57 66
52 79 41 87
52 80 26 69
52 81 21 88
52 82 45 42
52 83 23 69
52 84 98 37
52 85 65 43
52 86 36 57
52 87 33 76
52 88 61 83
52 89 63 21
52 90 35 88
52 91 61 45
52 92 82 22
52 93 79 44
52 94 31 78
52 95 34 25
52 96 89 73
52 97 28 29
52 98 42 53
52 99 77 54
53 54 988 983
53 55 996 989
53 56 74 67
53 57 83 54
53 58 93 90
53 59 39 63
53 60 63 32
53 61 63 20
53 62 24 69
53 63 86 56
53 64 90 40
53 65 60 62
53 66 55 65
53 67 70 45
53 68 73 78
53 69 83 85
53 70 68 73
53 71 91 28
53 72 66 95
53 73 31 68
53 74 58 94
53 75 41 27
53 76 23 61
53 77 58 65
53 78 92 81
53 79 97 87
53 80 23 60
53 81 58 21
53 82 22 99
53 83 22 31
53 84 45 55
53 85 78 30
53 86 64 76
53 87 77 48
53 88 30 48
53 89 32 95
53 90 51 91
53 91 62 100
53 92 96 55
53 93 49 81
53 94 34 53
53 95 23 50
53 96 52 79
53 97 98 95
53 98 81 34
53 99 33 46
54 55 995 985
54 56 55 89
54 57 81 93
54 58 54 33
54 59 97 63
54 60 34 28
54 61 56 45
54 62 64 79
54 63 27 92
54 64 96 93
54 65 30 85
54 66 42 92
54 67 69 81
54 68 28 77
54 69 76 80
54 70 90 87
54 71 48 45
54 72 58 31
54 73 61 34
54 74 57 30
54 75 54 44
54 76 24 34
54 77 62 66
54 78 67 33
54 79 55 44
54 80 75 50
54 81 44 46
54 82 94 43
54 83 75 84
54 84 60 84
54 85 55 30
54 86 26 69
54 87 87 41
54 88 78 92
54 89 85 21
54 90 64 70
54 91 56 32
54 92 53 51
54 93 75 47
54 94 75 48
54 95 88 92
54 96 60 50
54 97 87 82
54 98 69 80
54 99 32 21
55 56 24 60
55 57 92 28
55 58 47 62
55 59 21 59
55 60 42 37
55 61 96 87
55 62 40 91
55 63 54 66
55 64 42 40
55 65 98 63
55 66 96 71
55 67 40 84
55 68 43 99
55 69 56 53
55 70 57 39
55 71 99 21
55 72 83 53
55 73 69 37
55 74 92 56
55 75 98 85
55 76 64 35
55 77 35 35
55 78 82 51
55 79 83 30
55 80 55 95
55 81 80 56
55 82 92 61
55 83 28 77
55 84 21 75
55 85 31 36
55 86 94 69
55 87 45 35
55 88 37 23
55 89 42 74
55 90 67 70
55 91 81 82
55 92 30 56
55 93 49 63
55 94 35 41
55 95 72 57
55 96 36 95
55 97 56 26
55 98 81 35
55 99 35 65
56 57 998 985
56 58 989 1000
56 59 986 986
56 60 51 74
56 61 27 42
56 62 53 48
56 63 93 58
56 64 95 55
56 65 55 24
56 66 92 76
56 67 64 32
56 68 75 74
56 69 38 48
56 70 42 80
56 71 43 72
56 72 22 23
56 73 34 65
56 74 48 50
56 75 49 49
56 76 48 33
56 77 98 26
56 78 45 95
56 79 63 23
56 80 66 69
56 81 83 28
56 82 90 80
56 83 45 21
56 84 85 46
56 85 23 94
56 86 64 21
56 87 62 64
56 88 43 26
56 89 92 76
56 90 88 84
56 91 28 59
56 92 65 23
56 93 38 75
56 94 99 61
56 95 81 53
56 96 62 68
56 97 35 90
56 98 98 37
56 99 75 93
57 58 990 980
57 59 991 983
57 60 92 34
57 61 57 37
57 62 57 66
57 63 29 69
57 64 31 91
57 65 74 34
57 66 63 34
57 67 54 79
57 68 25 86
57 69 33 42
57 70 69 81
57 71 43 77
57 72 84 66
57 73 36 65
57 74 28 32
57 75 88 55
57 76 43 53
57 77 84 62
57 78 25 85
57 79 94 76
57 80 85 71
57 81 84 21
57 82 64 58
57 83 71 72
57 84 71 43
57 85 45 43
57 86 77 60
57 87 35 56
57 88 94 53
57 89 43 96
57 90 58 43
57 91 57 27
57 92 90 70
57 93 22 94
57 94 26 84
57 95 94 54
57 96 75 76
57 97 23 65
57 98 25 91
57 99 68 98
58 59 982 995
58 60 81 39
58 61 34 85
58 62 98 39
58 63 91 29
58 64 34 71
58 65 98 92
58 66 39 42
58 67 85 99
58 68 96 44
58 69 38 52
58 70 90 63
58 71 30 76
58 72 23 73
58 73 94 29
58 74 23 34
58 75 54 87
58 76 32 32
58 77 57 71
58 78 87 44
58 79 90 55
58 80 42 28
58 81 24 92
58 82 93 90
58 83 26 79
58 84 83 44
58 85 26 72
58 86 53 54
58 87 21 86
58 88 45 73
58 89 51 96
58 90 36 79
58 91 48 99
58 92 93 77
58 93 72 56
58 94 39 22
58 95 70 100
58 96 40 50
58 97 66 59
58 98 47 59
58 99 36 100
59 60 58 25
59 61 23 80
59 62 79 21
59 63 39 78
59 64 48 99
59 65 45 21
59 66 94 43
59 67 59 28
59 68 56 34
59 69 53 31
59 70 69 89
59 71 28 51
59 72 22 61
59 73 93 69
59 74 52 76
59 75 98 65
59 76 81 41
59 77 88 77
59 78 49 52
59 79 52 33
59 80 22 21
59 81 56 43
59 82 91 62
59 83 70 71
59 84 61 76
59 85 24 92
59 86 61 20
59 87 63 48
59 88 60 38
59 89 62 56
59 90 49 34
59 91 56 67
59 92 49 91
59 93 74 45
59 94 54 44
59 95 85 37
59 96 79 81
59 97 86 25
59 98 23 90
59 99 34 69
60 61 996 981
60 62 997 985
60 63 998 984
60 64 33 65
60 65 99 52
60 66 84 34
60 67 58 68
60 68 55 66
60 69 55 73
60 70 80 52
60 71 68 85
60 72 62 89
60 73 82 58
60 74 81 25
60 75 85 84
60 76 91 98
60 77 54 94
60 78 98 52
60 79 53 33
60 80 70 43
60 81 49 25
60 82 72 65
60 83 34 70
60 84 85 97
60 85 64 53
60 86 27 46
60 87 73 44
60 88 59 37
60 89 30 32
60 90 51 42
60 91 45 77
60 92 77 95
60 93 88 36
60 94 20 94
60 95 79 37
60 96 61 45
60 97 78 74
60 98 54 50
60 99 96 32
61 62 980 984
61 63 990 988
61 64 63 79
61 65 91 51
61 66 96 45
61 67 68 85
61 68 24 85
61 69 49 65
61 70 48 40
61 71 94 85
61 72 87 39
61 73 91 51
61 74 38 76
61 75 36 41
61 76 60 60
61 77 67 87
61 78 72 22
61 79 33 64
61 80 26 66
61 81 40 81
61 82 56 31
61 83 42 68
61 84 24 57
61 85 30 92
61 86 49 44
61 87 61 84
61 88 40 72
61 89 34 34
61 90 21 92
61 91 80 49
61 92 31 69
61 93 27 68
61 94 50 44
61 95 77 20
61 96 76 80
61 97 74 45
61 98 70 42
61 99 82 49
62 63 997 989
62 64 41 89
62 65 72 39
62 66 59 83
62 67 68 21
62 68 41 51
62 69 97 54
62 70 57 52
62 71 29 73
62 72 82 67
62 73 55 30
62 74 35 26
62 75 26 25
62 76 76 45
62 77 27 43
62 78 20 25
62 79 87 55
62 80 38 69
62 81 33 30
62 82 59 23
62 83 54 54
62 84 41 26
62 85 60 36
62 86 34 85
62 87 98 68
62 88 27 42
62 89 45 44
62 90 61 90
62 91 63 60
62 92 71 95
62 93 65 76
62 94 34 39
62 95 43 48
62 96 53 37
62 97 36 78
62 98 69 55
62 99 79 37
63 64 30 55
63 65 56 46
63 66 74 79
63 67 77 43
63 68 36 71
63 69 48 47
63 70 40 61
63 71 57 44
63 72 78 56
63 73 78 25
63 74 82 89
63 75 32 51
63 76 58 42
63 77 59 73
63 78 57 77
63 79 63 60
63 80 94 35
63 81 73 85
63 82 64 86
63 83 89 68
63 84 99 20
63 85 73 39
63 86 33 77
63 87 60 38
63 88 36 28
63 89 61 53
63 90 94 68
63 91 62 45
63 92 74 92
63 93 97 54
63 94 56 73
63 95 66 86
63 96 40 50
63 97 79 95
63 98 95 37
63 99 70 30
64 65 998 983
64 66 999 982
64 67 984 992
64 68 71 67
64 69 99 34
64 70 94 47
64 71 93 70
64 72 76 88
64 73 32 50
64 74 54 28
64 75 29 70
64 76 57 68
64 77 23 27
64 78 20 69
64 79 67 63
64 80 29 47
64 81 30 83
64 82 73 82
64 83 87 98
64 84 98 96
64 85 50 31
64 86 96 92
64 87 89 65
64 88 30 88
64 89 100 68
64 90 41 77
64 91 31 54
64 92 89 44
64 93 52 39
64 94 20 51
64 95 83 28
64 96 75 51
64 97 26 81
64 98 38 91
64 99 76 96
65 66 983 985
65 67 994 995
65 68 79 38
65 69 38 70
65 70 62 23
65 71 97 25
65 72 45 62
65 73 40 35
65 74 48 28
65 75 97 23
65 76 95 48
65 77 51 83
65 78 47 45
65 79 49 40
65 80 36 93
65 81 31 68
65 82 28 24
65 83 71 52
65 84 52 48
65 85 76 33
65 86 85 28
65 87 33 91
65 88 31 30
65 89 92 56
65 90 25 38
65 91 78 31
65 92 94 73
65 93 49 34
65 94 35 37
65 95 37 26
65 96 64 48
65 97 81 87
65 98 55 33
65 99 91 53
66 67 981 989
66 68 95 38
66 69 30 56
66 70 98 85
66 71 58 83
66 72 62 50
66 73 45 72
66 74 36 40
66 75 83 38
66 76 90 79
66 77 47 58
66 78 47 93
66 79 77 37
66 80 70 94
66 81 87 99
66 82 31 48
66 83 98 51
66 84 63 93
66 85 39 100
66 86 64 79
66 87 22 28
66 88 60 32
66 89 79 49
66 90 31 94
66 91 67 36
66 92 73 90
66 93 73 77
66 94 32 22
66 95 50 23
66 96 57 86
66 97 93 44
66 98 74 70
66 99 74 79
67 68 86 96
67 69 72 40
67 70 84 74
67 71 38 78
67 72 51 90
67 73 99 42
67 74 22 84
67 75 88 25
67 76 93 80
67 77 54 94
67 78 88 84
67 79 88 21
67 80 75 57
67 81 84 50
67 82 57 35
67 83 76 33
67 84 42 41
67 85 24 30
67 86 95 59
67 87 64 62
67 88 92 66
67 89 72 49
67 90 21 59
67 91 75 85
67 92 46 65
67 93 83 32
67 94 44 58
67 95 32 92
67 96 49 22
67 97 22 75
67 98 25 98
67 99 63 83
68 69 992 982
68 70 988 997
68 71 991 986
68 72 32 32
68 73 47 94
68 74 77 34
68 75 36 49
68 76 57 78
68 77 32 45
68 78 39 89
68 79 33 91
68 80 22 35
68 81 82 40
68 82 24 100
68 83 40 21
68 84 68 76
68 85 51 98
68 86 73 65
68 87 60 66
68 88 33 32
68 89 20 39
68 90 95 69
68 91 72 76
68 92 82 99
68 93 42 51
68 94 78 85
68 95 73 76
68 96 78 98
68 97 49 25
68 98 61 54
68 99 43 96
69 70 996 1000
69 71 986 993
69 72 96 50
69 73 58 43
69 74 91 60
69 75 49 83
69 76 52 68
69 77 87 93
69 78 65 56
69 79 57 42
69 80 48 70
69 81 44 91
69 82 76 49
69 83 44 64
69 84 89 54
69 85 82 66
69 86 67 41
69 87 48 71
69 88 97 97
69 89 80 56
69 90 71 41
69 91 29 37
69 92 31 44
69 93 24 59
69 94 54 85
69 95 24 90
69 96 75 34
69 97 60 79
69 98 76 22
69 99 100 45
70 71 980 984
70 72 35 29
70 73 76 89
70 74 90 51
70 75 80 88
70 76 45 62
70 77 94 35
70 78 62 79
70 79 62 53
70 80 55 45
70 81 46 23
70 82 32 26
70 83 76 68
70 84 84 67
70 85 27 99
70 86 36 45
70 87 76 89
70 88 27 56
70 89 24 44
70 90 58 57
70 91 39 93
70 92 49 68
70 93 85 65
70 94 94 59
70 95 80 45
70 96 21 60
70 97 36 44
70 98 37 52
70 99 47 63
71 72 42 64
71 73 64 66
71 74 27 31
71 75 62 30
71 76 44 41
71 77 32 92
71 78 98 84
71 79 95 40
71 80 63 84
71 81 77 77
71 82 43 62
71 83 84 56
71 84 86 45
71 85 31 33
71 86 75 49
71 87 58 78
71 88 47 39
71 89 63 33
71 90 93 83
71 91 90 48
71 92 43 35
71 93 42 85
71 94 70 33
71 95 53 46
71 96 40 26
71 97 20 32
71 98 27 29
71 99 58 46
72 73 997 988
72 74 990 986
72 75 998 980
72 76 33 24
72 77 83 83
72 78 52 93
72 79 49 82
72 80 44 64
72 81 22 69
72 82 88 23
72 83 72 41
72 84 52 85
72 85 61 57
72 86 89 83
72 87 65 58
72 88 96 68
72 89 60 73
72 90 82 70
72 91 98 55
72 92 71 98
72 93 78 32
72 94 54 82
72 95 48 40
72 96 74 92
72 97 100 81
72 98 31 94
72 99 58 75
73 74 997 994
73 75 989 981
73 76 30 29
73 77 84 33
73 78 78 40
73 79 60 63
73 80 31 89
73 81 40 87
73 82 60 69
73 83 33 30
73 84 59 53
73 85 70 73
73 86 95 99
73 87 52 54
73 88 99 43
73 89 55 60
73 90 56 93
73 91 68 30
73 92 60 24
73 93 94 91
73 94 93 28
73 95 72 67
73 96 82 92
73 97 85 48
73 98 65 82
73 99 94 37
74 75 993 984
74 76 100 90
74 77 29 72
74 78 61 66
74 79 87 34
74 80 26 57
74 81 38 73
74 82 83 77
74 83 85 72
74 84 70 32
74 85 50 99
74 86 24 50
74 87 95 21
74 88 56 67
74 89 62 22
74 90 89 100
74 91 54 23
74 92 48 48
74 93 59 99
74 94 85 54
74 95 79 92
74 96 80 44
74 97 39 31
74 98 65 35
74 99 97 83
75 76 30 44
75 77 28 62
75 78 96 89
75 79 85 27
75 80 74 99
75 81 38 48
75 82 63 86
75 83 43 28
75 84 53 50
75 85 55 41
75 86 31 42
75 87 28 24
75 88 96 69
75 89 86 53
75 90 22 64
75 91 100 95
75 92 96 64
75 93 65 48
75 94 34 60
75 95 30 76
75 96 76 30
75 97 83 70
75 98 54 29
75 99 69 62
76 77 988 988
76 78 994 994
76 79 990 987
76 80 95 63
76 81 38 43
76 82 77 91
76 83 90 83
76 84 84 43
76 85 21 79
76 86 97 70
76 87 85 60
76 88 42 82
76 89 87 90
76 90 82 63
76 91 91 73
76 92 25 25
76 93 65 44
76 94 43 82
76 95 24 51
76 96 25 93
76 97 28 80
76 98 64 39
76 99 21 86
77 78 992 981
77 79 986 987
77 80 54 59
77 81 50 55
77 82 84 31
77 83 42 75
77 84 33 93
77 85 77 30
77 86 88 31
77 87 94 43
77 88 38 71
77 89 89 82
77 90 40 76
77 91 25 63
77 92 67 26
77 93 48 57
77 94 98 53
77 95 81 29
77 96 60 99
77 97 54 71
77 98 47 42
77 99 55 81
78 79 996 982
78 80 38 50
78 81 96 43
78 82 71 42
78 83 42 84
78 84 100 59
78 85 78 33
78 86 35 85
78 87 86 78
78 88 77 73
78 89 99 96
78 90 61 60
78 91 84 37
78 92 44 54
78 93 61 44
78 94 47 57
78 95 63 21
78 96 38 85
78 97 49 59
78 98 70 62
78 99 89 56
79 80 99 96
79 81 78 25
79 82 28 49
79 83 47 45
79 84 97 27
79 85 21 54
79 86 55 46
79 87 94 100
79 88 81 96
79 89 28 40
79 90 65 48
79 91 91 69
79 92 30 77
79 93 52 41
79 94 83 25
79 95 52 61
79 96 46 53
79 97 51 61
79 98 98 82
79 99 58 64
80 81 990 1000
80 82 987 998
80 83 997 993
80 84 68 83
80 85 78 53
80 86 33 49
80 87 91 94
80 88 21 80
80 89 65 70
80 90 86 85
80 91 51 41
80 92 74 98
80 93 35 44
80 94 57 28
80 95 38 27
80 96 51 77
80 97 43 35
80 98 66 96
80 99 57 21
81 82 990 994
81 83 981 985
81 84 85 64
81 85 54 71
81 86 98 25
81 87 67 28
81 88 47 20
81 89 36 69
81 90 93 85
81 91 57 60
81 92 27 29
81 93 37 79
81 94 86 94
81 95 53 62
81 96 74 46
81 97 82 78
81 98 36 63
81 99 55 34
82 83 983 994
82 84 91 57
82 85 98 46
82 86 49 41
82 87 68 50
82 88 82 35
82 89 48 98
82 90 24 47
82 91 25 24
82 92 33 20
82 93 48 92
82 94 69 76
82 95 61 75
82 96 76 58
82 97 62 54
82 98 56 97
82 99 31 45
83 84 21 23
83 85 99 72
83 86 82 83
83 87 36 96
83 88 54 34
83 89 70 64
83 90 69 48
83 91 95 60
83 92 40 56
83 93 54 90
83 94 24 44
83 95 23 51
83 96 52 95
83 97 76 73
83 98 76 90
83 99 52 58
84 85 996 997
84 86 980 981
84 87 984 980
84 88 49 28
84 89 88 95
84 90 36 21
84 91 36 20
84 92 93 78
84 93 27 40
84 94 86 91
84 95 36 87
84 96 42 96
84 97 54 98
84 98 26 45
84 99 99 28
85 86 989 982
85 87 982 988
85 88 52 43
85 89 42 36
85 90 46 28
85 91 58 26
85 92 39 81
85 93 82 21
85 94 33 25
85 95 73 53
85 96 50 55
85 97 81 40
85 98 39 92
85 99 60 98
86 87 996 988
86 88 40 58
86 89 33 74
86 90 69 79
86 91 28 86
86 92 82 73
86 93 39 51
86 94 54 67
86 95 94 70
86 96 69 66
86 97 76 22
86 98 88 76
86 99 43 58
87 88 81 63
87 89 25 67
87 90 61 72
87 91 29 29
87 92 23 62
87 93 45 28
87 94 28 41
87 95 44 37
87 96 83 95
87 97 74 80
87 98 79 78
87 99 37 75
88 89 999 997
88 90 980 983
88 91 993 985
88 92 88 61
88 93 94 91
88 94 28 50
88 95 38 47
88 96 72 84
88 97 31 32
88 98 45 30
88 99 82 81
89 90 985 981
89 91 986 997
89 92 98 81
89 93 51 32
89 94 22 84
89 95 25 59
89 96 90 30
89 97 100 27
89 98 33 88
89 99 52 53
90 91 986 995
90 92 95 54
90 93 24 58
90 94 45 55
90 95 38 62
90 96 29 95
90 97 54 58
90 98 98 80
90 99 42 60
91 92 59 59
91 93 31 90
91 94 74 90
91 95 96 97
91 96 94 60
91 97 46 92
91 98 56 32
91 99 87 44
92 93 992 980
92 94 988 996
92 95 994 991
92 96 25 21
92 97 46 37
92 98 29 39
92 99 82 62
93 94 986 985
93 95 997 996
93 96 72 46
93 97 38 71
93 98 46 43
93 99 87 69
94 95 986 985
94 96 59 70
94 97 77 70
94 98 39 34
94 99 67 98
95 96 73 48
95 97 36 70
95 98 65 65
95 99 82 62
96 97 992 989
96 98 992 985
96 99 995 990
97 98 990 989
97 99 988 984
98 99 982 985
