66
0 1 843 142
0 2 545 361
0 3 764 383
0 4 954 699
0 5 521 476
0 6 335 543
0 7 353 672
0 8 646 141
0 9 944 141
0 10 79 476
0 11 281 238
0 12 714 667
0 13 29 519
0 14 807 721
0 15 716 719
0 16 756 417
0 17 471 630
0 18 132 717
0 19 519 184
0 20 966 188
0 21 724 453
0 22 110 413
0 23 697 309
0 24 574 348
0 25 213 376
0 26 386 617
0 27 34 732
0 28 53 668
0 29 364 740
0 30 532 786
0 31 649 579
0 32 97 428
0 33 720 591
0 34 589 209
0 35 598 296
0 36 533 393
0 37 944 527
0 38 162 545
0 39 242 445
0 40 492 781
0 41 10 776
0 42 548 241
0 43 991 670
0 44 3 463
0 45 894 495
0 46 228 752
0 47 404 704
0 48 389 401
0 49 725 622
0 50 355 697
0 51 412 530
0 52 420 286
0 53 895 680
0 54 36 419
0 55 335 524
0 56 842 457
0 57 280 621
0 58 73 750
0 59 276 773
0 60 652 545
0 61 890 598
0 62 715 234
0 63 216 735
0 64 336 490
0 65 760 618
0 66 796 150
0 67 736 306
0 68 435 694
0 69 215 747
0 70 7 865
0 71 895 56
0 72 264 617
0 73 620 710
0 74 553 808
0 75 322 621
0 76 176 390
0 77 411 306
0 78 903 480
0 79 239 841
0 80 221 547
0 81 457 402
0 82 410 564
0 83 996 664
0 84 98 796
0 85 687 720
0 86 176 308
0 87 324 828
0 88 836 417
0 89 273 489
0 90 885 552
0 91 910 496
0 92 694 717
0 93 390 514
0 94 795 714
0 95 966 300
0 96 689 502
0 97 338 575
0 98 527 528
0 99 742 558
1 2 46 337
1 3 202 835
1 4 951 459
1 5 39 621
1 6 71 596
1 7 46 807
1 8 822 373
1 9 427 289
1 10 859 606
1 11 158 898
1 12 658 145
1 13 518 308
1 14 393 667
1 15 805 385
1 16 606 808
1 17 830 481
1 18 952 346
1 19 704 609
1 20 83 379
1 21 34 681
1 22 96 891
1 23 115 946
1 24 737 475
1 25 310 761
1 26 934 97
1 27 435 240
1 28 866 594
1 29 803 134
1 30 728 651
1 31 662 365
1 32 108 784
1 33 217 912
1 34 756 435
1 35 142 351
1 36 108 543
1 37 577 557
1 38 966 472
1 39 353 784
1 40 998 676
1 41 858 584
1 42 222 908
1 43 115 802
1 44 120 463
1 45 606 499
1 46 118 295
1 47 3 535
1 48 11 331
1 49 611 126
1 50 278 615
1 51 241 423
1 52 258 658
1 53 426 676
1 54 223 821
1 55 884 618
1 56 802 677
1 57 719 662
1 58 14 982
1 59 221 796
1 60 146 310
1 61 239 497
1 62 810 285
1 63 196 926
1 64 252 827
1 65 974 378
1 66 194 386
1 67 463 471
1 68 966 248
1 69 461 520
1 70 550 384
1 71 113 586
1 72 491 788
1 73 25 840
1 74 818 242
1 75 815 227
1 76 220 302
1 77 780 699
1 78 688 107
1 79 302 527
1 80 436 226
1 81 585 738
1 82 960 334
1 83 535 777
1 84 890 194
1 85 179 493
1 86 1000 73
1 87 689 292
1 88 275 316
1 89 59 644
1 90 202 873
1 91 170 259
1 92 309 822
1 93 508 462
1 94 887 287
1 95 289 815
1 96 314 270
1 97 266 735
1 98 588 243
1 99 549 517
2 3 677 640
2 4 22 372
2 5 125 441
2 6 431 868
2 7 566 157
2 8 480 723
2 9 536 814
2 10 727 771
2 11 326 847
2 12 891 655
2 13 233 389
2 14 85 342
2 15 807 444
2 16 503 761
2 17 784 727
2 18 976 381
2 19 956 53
2 20 252 544
2 21 300 528
2 22 107 298
2 23 706 326
2 24 375 690
2 25 922 681
2 26 279 844
2 27 440 395
2 28 48 444
2 29 827 284
2 30 613 380
2 31 755 157
2 32 610 609
2 33 420 680
2 34 348 509
2 35 179 840
2 36 147 538
2 37 891 611
2 38 528 694
2 39 764 83
2 40 961 130
2 41 29 654
2 42 393 523
2 43 521 582
2 44 30 876
2 45 510 337
2 46 793 734
2 47 933 275
2 48 77 826
2 49 382 286
2 50 850 223
2 51 654 397
2 52 211 889
2 53 2 554
2 54 596 609
2 55 917 55
2 56 231 746
2 57 139 473
2 58 473 480
2 59 576 804
2 60 495 570
2 61 157 329
2 62 605 707
2 63 662 207
2 64 412 539
2 65 980 205
2 66 934 407
2 67 678 607
2 68 891 445
2 69 864 334
2 70 352 797
2 71 646 316
2 72 522 755
2 73 850 455
2 74 463 762
2 75 53 978
2 76 514 833
2 77 858 705
2 78 499 629
2 79 706 205
2 80 932 66
2 81 613 595
2 82 618 395
2 83 556 501
2 84 664 702
2 85 966 214
2 86 368 549
2 87 43 680
2 88 948 637
2 89 562 188
2 90 779 262
2 91 802 146
2 92 943 616
2 93 773 582
2 94 110 421
2 95 973 558
2 96 634 140
2 97 727 577
2 98 632 341
2 99 469 674
3 4 136 805
3 5 828 578
3 6 557 136
3 7 794 544
3 8 110 339
3 9 711 456
3 10 230 500
3 11 760 483
3 12 627 220
3 13 857 424
3 14 311 612
3 15 58 422
3 16 696 526
3 17 557 218
3 18 972 321
3 19 73 321
3 20 252 566
3 21 316 306
3 22 574 801
3 23 168 423
3 24 444 230
3 25 812 451
3 26 532 595
3 27 562 479
3 28 401 521
3 29 84 447
3 30 357 486
3 31 767 585
3 32 411 717
3 33 915 225
3 34 385 397
3 35 153 645
3 36 920 475
3 37 344 286
3 38 252 481
3 39 903 643
3 40 308 902
3 41 130 367
3 42 602 798
3 43 245 903
3 44 723 247
3 45 43 889
3 46 510 233
3 47 44 951
3 48 339 482
3 49 981 201
3 50 246 882
3 51 199 344
3 52 783 282
3 53 747 556
3 54 257 567
3 55 909 163
3 56 235 848
3 57 95 561
3 58 201 393
3 59 16 425
3 60 373 425
3 61 137 269
3 62 396 852
3 63 688 286
3 64 399 757
3 65 901 644
3 66 407 185
3 67 397 287
3 68 428 523
3 69 375 790
3 70 433 458
3 71 563 397
3 72 601 790
3 73 804 147
3 74 309 448
3 75 75 692
3 76 608 362
3 77 144 511
3 78 554 372
3 79 681 138
3 80 164 282
3 81 175 419
3 82 114 472
3 83 501 681
3 84 453 338
3 85 660 235
3 86 607 641
3 87 114 836
3 88 453 610
3 89 928 90
3 90 59 764
3 91 811 351
3 92 943 348
3 93 664 547
3 94 351 343
3 95 378 734
3 96 677 220
3 97 378 828
3 98 881 437
3 99 946 396
4 5 650 166
4 6 588 530
4 7 347 326
4 8 971 406
4 9 436 281
4 10 233 494
4 11 726 241
4 12 842 326
4 13 639 696
4 14 344 384
4 15 93 352
4 16 166 860
4 17 228 397
4 18 402 465
4 19 849 388
4 20 477 453
4 21 825 239
4 22 66 943
4 23 472 734
4 24 678 615
4 25 599 785
4 26 890 49
4 27 830 524
4 28 176 386
4 29 343 555
4 30 322 442
4 31 534 748
4 32 975 318
4 33 581 483
4 34 252 699
4 35 945 253
4 36 215 315
4 37 874 457
4 38 673 256
4 39 209 549
4 40 395 237
4 41 281 379
4 42 884 135
4 43 541 687
4 44 226 767
4 45 134 665
4 46 727 628
4 47 289 386
4 48 931 490
4 49 570 428
4 50 884 495
4 51 860 237
4 52 911 264
4 53 719 352
4 54 803 148
4 55 489 578
4 56 466 596
4 57 906 674
4 58 138 508
4 59 899 700
4 60 687 390
4 61 555 763
4 62 796 251
4 63 820 474
4 64 395 627
4 65 55 585
4 66 700 689
4 67 181 593
4 68 526 427
4 69 355 752
4 70 742 118
4 71 753 129
4 72 332 438
4 73 44 410
4 74 591 535
4 75 52 372
4 76 76 495
4 77 394 798
4 78 730 690
4 79 266 426
4 80 244 870
4 81 154 542
4 82 214 603
4 83 721 390
4 84 245 497
4 85 100 724
4 86 548 639
4 87 331 219
4 88 428 266
4 89 949 516
4 90 279 876
4 91 525 323
4 92 999 635
4 93 408 769
4 94 864 232
4 95 335 575
4 96 902 486
4 97 404 186
4 98 849 593
4 99 69 428
5 6 132 838
5 7 592 373
5 8 157 741
5 9 588 349
5 10 196 805
5 11 88 722
5 12 103 914
5 13 313 713
5 14 621 667
5 15 987 249
5 16 791 709
5 17 563 726
5 18 73 426
5 19 478 328
5 20 127 637
5 21 535 540
5 22 833 236
5 23 106 603
5 24 822 612
5 25 322 760
5 26 665 695
5 27 591 712
5 28 60 642
5 29 681 229
5 30 197 877
5 31 460 438
5 32 751 723
5 33 845 601
5 34 868 338
5 35 244 470
5 36 670 684
5 37 143 501
5 38 745 524
5 39 855 270
5 40 637 398
5 41 433 196
5 42 978 246
5 43 342 884
5 44 348 380
5 45 699 502
5 46 863 311
5 47 45 609
5 48 260 672
5 49 318 800
5 50 407 636
5 51 256 430
5 52 506 393
5 53 228 761
5 54 652 681
5 55 504 156
5 56 569 496
5 57 742 181
5 58 847 724
5 59 295 757
5 60 273 814
5 61 339 224
5 62 590 371
5 63 103 546
5 64 616 218
5 65 105 638
5 66 764 583
5 67 559 198
5 68 947 381
5 69 210 717
5 70 759 667
5 71 229 643
5 72 690 151
5 73 655 320
5 74 399 192
5 75 551 176
5 76 327 437
5 77 633 648
5 78 363 226
5 79 428 183
5 80 117 423
5 81 463 360
5 82 895 196
5 83 175 857
5 84 799 717
5 85 720 666
5 86 433 398
5 87 254 407
5 88 967 546
5 89 538 738
5 90 867 121
5 91 130 365
5 92 885 188
5 93 207 697
5 94 734 720
5 95 446 214
5 96 553 334
5 97 324 676
5 98 695 313
5 99 331 676
6 7 310 654
6 8 638 664
6 9 306 438
6 10 806 218
6 11 712 121
6 12 169 434
6 13 871 440
6 14 816 386
6 15 616 776
6 16 774 569
6 17 309 547
6 18 218 415
6 19 241 287
6 20 333 243
6 21 902 110
6 22 769 648
6 23 805 604
6 24 87 664
6 25 737 593
6 26 108 516
6 27 725 191
6 28 521 684
6 29 388 802
6 30 722 321
6 31 418 434
6 32 926 100
6 33 477 755
6 34 714 633
6 35 194 451
6 36 3 788
6 37 922 631
6 38 427 412
6 39 611 405
6 40 775 407
6 41 360 679
6 42 708 117
6 43 859 289
6 44 522 595
6 45 730 152
6 46 41 521
6 47 323 899
6 48 874 258
6 49 177 889
6 50 572 655
6 51 933 247
6 52 762 78
6 53 959 540
6 54 586 659
6 55 631 380
6 56 959 397
6 57 157 527
6 58 264 853
6 59 539 506
6 60 833 353
6 61 250 823
6 62 309 738
6 63 678 146
6 64 682 319
6 65 490 795
6 66 398 250
6 67 897 172
6 68 760 705
6 69 246 804
6 70 944 343
6 71 920 614
6 72 214 404
6 73 334 856
6 74 536 651
6 75 445 205
6 76 792 237
6 77 295 684
6 78 410 248
6 79 132 441
6 80 687 494
6 81 747 702
6 82 575 342
6 83 300 884
6 84 764 504
6 85 185 556
6 86 291 620
6 87 829 222
6 88 11 837
6 89 737 636
6 90 719 350
6 91 383 263
6 92 859 271
6 93 972 84
6 94 742 757
6 95 243 667
6 96 833 134
6 97 668 135
6 98 843 310
6 99 198 457
7 8 941 321
7 9 842 642
7 10 274 346
7 11 415 856
7 12 252 498
7 13 840 142
7 14 959 101
7 15 822 626
7 16 984 277
7 17 686 350
7 18 596 401
7 19 136 616
7 20 503 207
7 21 590 491
7 22 70 292
7 23 456 456
7 24 903 627
7 25 355 692
7 26 218 469
7 27 801 151
7 28 654 185
7 29 72 331
7 30 125 741
7 31 831 558
7 32 290 477
7 33 438 330
7 34 746 439
7 35 333 549
7 36 295 383
7 37 668 241
7 38 264 735
7 39 166 377
7 40 485 632
7 41 743 118
7 42 994 6
7 43 235 359
7 44 193 613
7 45 285 350
7 46 296 264
7 47 377 669
7 48 632 494
7 49 201 828
7 50 812 658
7 51 189 689
7 52 911 352
7 53 923 642
7 54 641 699
7 55 789 390
7 56 486 286
7 57 680 256
7 58 442 186
7 59 529 184
7 60 257 817
7 61 870 598
7 62 344 398
7 63 783 236
7 64 889 166
7 65 58 467
7 66 485 334
7 67 33 554
7 68 359 315
7 69 290 597
7 70 237 461
7 71 271 805
7 72 780 530
7 73 122 660
7 74 441 664
7 75 748 507
7 76 505 832
7 77 139 439
7 78 433 864
7 79 454 717
7 80 556 813
7 81 459 184
7 82 979 10
7 83 821 619
7 84 762 290
7 85 212 543
7 86 992 316
7 87 104 910
7 88 691 652
7 89 243 589
7 90 541 393
7 91 628 446
7 92 541 665
7 93 53 758
7 94 753 371
7 95 134 490
7 96 368 680
7 97 248 853
7 98 20 761
7 99 250 305
8 9 710 738
8 10 575 260
8 11 509 655
8 12 767 511
8 13 982 99
8 14 115 514
8 15 246 521
8 16 182 506
8 17 79 692
8 18 627 625
8 19 65 474
8 20 429 420
8 21 31 825
8 22 147 650
8 23 646 291
8 24 92 702
8 25 106 485
8 26 588 586
8 27 806 74
8 28 46 829
8 29 701 726
8 30 431 748
8 31 404 563
8 32 293 881
8 33 358 588
8 34 316 561
8 35 993 281
8 36 492 207
8 37 139 613
8 38 909 628
8 39 759 657
8 40 943 379
8 41 367 577
8 42 937 667
8 43 163 378
8 44 896 571
8 45 339 597
8 46 985 603
8 47 505 304
8 48 68 660
8 49 867 688
8 50 0 315
8 51 433 595
8 52 556 634
8 53 405 202
8 54 848 392
8 55 474 188
8 56 269 901
8 57 64 861
8 58 609 792
8 59 264 337
8 60 790 424
8 61 665 738
8 62 696 679
8 63 641 750
8 64 695 713
8 65 243 371
8 66 527 358
8 67 7 596
8 68 890 57
8 69 206 885
8 70 403 413
8 71 562 314
8 72 669 794
8 73 353 284
8 74 826 575
8 75 518 438
8 76 806 201
8 77 939 603
8 78 406 235
8 79 712 226
8 80 45 956
8 81 103 384
8 82 903 705
8 83 337 257
8 84 589 771
8 85 385 370
8 86 936 180
8 87 67 718
8 88 582 388
8 89 474 743
8 90 26 657
8 91 412 233
8 92 229 713
8 93 172 720
8 94 596 597
8 95 523 315
8 96 3 837
8 97 340 249
8 98 803 407
8 99 940 606
9 10 182 539
9 11 553 249
9 12 111 287
9 13 32 389
9 14 152 349
9 15 498 645
9 16 193 707
9 17 442 202
9 18 599 172
9 19 325 604
9 20 266 427
9 21 793 373
9 22 145 293
9 23 497 546
9 24 202 308
9 25 305 375
9 26 571 708
9 27 181 408
9 28 986 27
9 29 925 607
9 30 385 845
9 31 905 527
9 32 542 628
9 33 795 330
9 34 860 212
9 35 395 356
9 36 767 355
9 37 6 482
9 38 904 361
9 39 696 517
9 40 811 673
9 41 63 947
9 42 322 899
9 43 377 767
9 44 507 565
9 45 613 631
9 46 228 906
9 47 970 49
9 48 272 564
9 49 549 341
9 50 278 626
9 51 904 663
9 52 834 355
9 53 49 646
9 54 780 429
9 55 977 319
9 56 292 720
9 57 871 512
9 58 572 489
9 59 474 716
9 60 726 573
9 61 642 340
9 62 247 912
9 63 406 486
9 64 868 57
9 65 130 519
9 66 40 985
9 67 718 667
9 68 875 494
9 69 791 510
9 70 170 429
9 71 668 598
9 72 241 705
9 73 10 966
9 74 741 638
9 75 101 298
9 76 308 299
9 77 666 236
9 78 461 822
9 79 741 770
9 80 561 363
9 81 289 644
9 82 773 435
9 83 94 631
9 84 466 748
9 85 157 688
9 86 188 356
9 87 135 270
9 88 279 765
9 89 737 377
9 90 946 620
9 91 389 368
9 92 710 551
9 93 726 213
9 94 970 131
9 95 521 768
9 96 770 679
9 97 290 255
9 98 53 482
9 99 9 777
10 11 362 776
10 12 768 699
10 13 133 323
10 14 130 882
10 15 333 396
10 16 6 473
10 17 914 186
10 18 685 219
10 19 338 443
10 20 220 706
10 21 77 632
10 22 711 401
10 23 453 435
10 24 860 645
10 25 200 853
10 26 735 699
10 27 300 611
10 28 755 662
10 29 692 434
10 30 503 655
10 31 544 571
10 32 692 171
10 33 185 940
10 34 86 383
10 35 522 549
10 36 232 559
10 37 614 329
10 38 608 484
10 39 364 705
10 40 357 295
10 41 361 750
10 42 756 590
10 43 747 479
10 44 707 168
10 45 525 258
10 46 374 415
10 47 361 668
10 48 753 264
10 49 491 335
10 50 523 316
10 51 585 550
10 52 885 586
10 53 839 516
10 54 149 942
10 55 912 319
10 56 579 817
10 57 766 354
10 58 979 257
10 59 940 478
10 60 325 223
10 61 376 223
10 62 6 299
10 63 936 139
10 64 359 426
10 65 207 822
10 66 325 833
10 67 454 781
10 68 533 562
10 69 774 112
10 70 394 504
10 71 231 822
10 72 635 614
10 73 103 787
10 74 804 233
10 75 865 546
10 76 799 210
10 77 790 107
10 78 687 171
10 79 645 497
10 80 93 332
10 81 694 256
10 82 402 716
10 83 461 211
10 84 800 174
10 85 373 229
10 86 767 517
10 87 613 803
10 88 432 388
10 89 102 916
10 90 67 964
10 91 88 325
10 92 764 676
10 93 779 464
10 94 836 586
10 95 372 190
10 96 720 707
10 97 393 826
10 98 692 471
10 99 970 431
11 12 482 808
11 13 199 907
11 14 800 429
11 15 975 519
11 16 630 763
11 17 870 327
11 18 338 208
11 19 103 911
11 20 401 450
11 21 102 383
11 22 742 380
11 23 647 319
11 24 116 351
11 25 730 207
11 26 824 572
11 27 815 219
11 28 672 301
11 29 751 388
11 30 467 530
11 31 6 711
11 32 409 331
11 33 572 149
11 34 846 491
11 35 556 351
11 36 216 461
11 37 328 561
11 38 848 585
11 39 710 427
11 40 963 256
11 41 38 475
11 42 46 440
11 43 959 180
11 44 806 224
11 45 104 326
11 46 941 280
11 47 396 852
11 48 477 683
11 49 540 535
11 50 384 310
11 51 454 796
11 52 814 237
11 53 822 204
11 54 663 747
11 55 389 452
11 56 888 646
11 57 461 369
11 58 108 803
11 59 510 516
11 60 377 524
11 61 820 733
11 62 970 399
11 63 608 303
11 64 447 532
11 65 517 280
11 66 820 448
11 67 448 569
11 68 449 200
11 69 228 269
11 70 610 464
11 71 438 391
11 72 343 522
11 73 791 695
11 74 861 735
11 75 516 741
11 76 645 376
11 77 691 637
11 78 880 460
11 79 667 115
11 80 831 361
11 81 766 282
11 82 822 213
11 83 795 647
11 84 130 946
11 85 130 655
11 86 14 790
11 87 435 446
11 88 560 349
11 89 905 204
11 90 14 510
11 91 297 585
11 92 837 133
11 93 354 576
11 94 325 380
11 95 362 816
11 96 887 401
11 97 947 492
11 98 22 877
11 99 405 232
12 13 562 827
12 14 766 738
12 15 385 486
12 16 132 350
12 17 5 471
12 18 742 146
12 19 279 398
12 20 83 517
12 21 308 617
12 22 256 727
12 23 539 296
12 24 918 661
12 25 231 752
12 26 727 206
12 27 690 440
12 28 244 894
12 29 320 649
12 30 194 868
12 31 787 300
12 32 960 230
12 33 586 381
12 34 426 863
12 35 189 595
12 36 762 555
12 37 944 690
12 38 497 343
12 39 810 687
12 40 763 605
12 41 294 888
12 42 484 447
12 43 381 665
12 44 144 879
12 45 113 363
12 46 604 505
12 47 358 449
12 48 500 192
12 49 955 386
12 50 87 367
12 51 337 497
12 52 629 773
12 53 25 592
12 54 787 149
12 55 81 912
12 56 532 156
12 57 99 765
12 58 692 354
12 59 781 284
12 60 655 151
12 61 525 809
12 62 129 633
12 63 541 518
12 64 436 466
12 65 37 435
12 66 165 333
12 67 120 810
12 68 948 543
12 69 792 165
12 70 612 700
12 71 307 368
12 72 988 627
12 73 630 701
12 74 67 450
12 75 367 254
12 76 852 558
12 77 669 775
12 78 576 154
12 79 455 634
12 80 269 307
12 81 635 440
12 82 607 532
12 83 907 647
12 84 127 678
12 85 641 141
12 86 590 633
12 87 878 321
12 88 542 375
12 89 811 73
12 90 210 701
12 91 926 152
12 92 597 680
12 93 314 733
12 94 466 521
12 95 639 419
12 96 846 119
12 97 429 191
12 98 835 79
12 99 812 155
13 14 64 543
13 15 322 384
13 16 832 673
13 17 41 352
13 18 238 426
13 19 551 306
13 20 252 520
13 21 950 571
13 22 504 308
13 23 608 121
13 24 898 652
13 25 896 343
13 26 449 302
13 27 787 184
13 28 141 717
13 29 249 376
13 30 973 177
13 31 697 401
13 32 881 124
13 33 247 288
13 34 608 470
13 35 35 398
13 36 441 438
13 37 376 446
13 38 314 564
13 39 291 869
13 40 78 477
13 41 968 222
13 42 335 577
13 43 770 262
13 44 876 567
13 45 869 630
13 46 612 398
13 47 68 501
13 48 729 250
13 49 418 469
13 50 416 773
13 51 146 863
13 52 386 871
13 53 600 592
13 54 881 445
13 55 869 622
13 56 457 272
13 57 953 536
13 58 968 206
13 59 5 795
13 60 243 596
13 61 33 605
13 62 998 522
13 63 656 506
13 64 769 424
13 65 698 581
13 66 500 324
13 67 4 401
13 68 875 555
13 69 474 275
13 70 581 781
13 71 90 300
13 72 671 364
13 73 54 758
13 74 446 385
13 75 573 154
13 76 665 781
13 77 221 861
13 78 477 695
13 79 336 238
13 80 162 713
13 81 626 157
13 82 857 84
13 83 943 679
13 84 279 392
13 85 114 923
13 86 334 265
13 87 41 815
13 88 344 697
13 89 910 194
13 90 700 119
13 91 354 863
13 92 300 529
13 93 705 488
13 94 59 679
13 95 192 619
13 96 888 425
13 97 990 261
13 98 227 599
13 99 353 313
14 15 29 499
14 16 611 624
14 17 752 209
14 18 244 866
14 19 717 480
14 20 580 283
14 21 261 541
14 22 592 749
14 23 479 230
14 24 691 113
14 25 589 383
14 26 869 196
14 27 485 499
14 28 448 809
14 29 220 266
14 30 836 236
14 31 414 192
14 32 336 487
14 33 888 74
14 34 96 836
14 35 915 653
14 36 559 619
14 37 175 449
14 38 264 258
14 39 485 473
14 40 707 98
14 41 552 780
14 42 567 637
14 43 568 259
14 44 338 721
14 45 673 539
14 46 938 382
14 47 443 735
14 48 430 751
14 49 855 362
14 50 454 260
14 51 725 619
14 52 6 368
14 53 107 678
14 54 688 304
14 55 687 515
14 56 560 364
14 57 692 430
14 58 969 251
14 59 8 573
14 60 469 436
14 61 882 556
14 62 975 143
14 63 848 361
14 64 633 323
14 65 440 356
14 66 463 725
14 67 565 159
14 68 471 840
14 69 105 461
14 70 42 613
14 71 684 449
14 72 968 44
14 73 327 482
14 74 963 365
14 75 192 261
14 76 196 795
14 77 431 442
14 78 493 286
14 79 723 153
14 80 286 658
14 81 887 721
14 82 780 493
14 83 729 148
14 84 879 203
14 85 161 464
14 86 218 514
14 87 239 550
14 88 316 649
14 89 255 601
14 90 962 279
14 91 796 655
14 92 109 663
14 93 328 842
14 94 985 86
14 95 65 636
14 96 630 143
14 97 57 305
14 98 4 474
14 99 381 311
15 16 855 619
15 17 415 271
15 18 114 550
15 19 896 573
15 20 634 252
15 21 788 306
15 22 399 522
15 23 625 452
15 24 605 809
15 25 598 304
15 26 488 744
15 27 824 704
15 28 490 272
15 29 163 483
15 30 425 646
15 31 364 723
15 32 292 439
15 33 680 389
15 34 983 627
15 35 954 381
15 36 904 314
15 37 360 458
15 38 869 571
15 39 846 413
15 40 53 686
15 41 923 51
15 42 815 310
15 43 553 360
15 44 727 521
15 45 60 589
15 46 869 119
15 47 327 350
15 48 244 311
15 49 995 390
15 50 1000 698
15 51 737 145
15 52 915 208
15 53 423 277
15 54 521 843
15 55 138 818
15 56 893 317
15 57 366 788
15 58 177 726
15 59 605 213
15 60 248 261
15 61 49 731
15 62 79 865
15 63 727 112
15 64 301 440
15 65 830 538
15 66 483 726
15 67 275 341
15 68 714 555
15 69 147 382
15 70 520 369
15 71 247 506
15 72 52 650
15 73 852 305
15 74 739 579
15 75 388 506
15 76 212 591
15 77 290 897
15 78 738 471
15 79 101 772
15 80 61 306
15 81 441 769
15 82 205 510
15 83 497 220
15 84 376 582
15 85 89 938
15 86 555 516
15 87 230 433
15 88 187 284
15 89 151 674
15 90 168 780
15 91 110 960
15 92 22 770
15 93 316 486
15 94 902 190
15 95 673 587
15 96 560 816
15 97 753 134
15 98 499 680
15 99 255 535
16 17 647 360
16 18 998 128
16 19 767 327
16 20 735 300
16 21 278 346
16 22 772 695
16 23 938 379
16 24 798 543
16 25 799 120
16 26 471 727
16 27 317 736
16 28 846 701
16 29 52 387
16 30 946 401
16 31 703 699
16 32 16 437
16 33 109 593
16 34 604 692
16 35 546 342
16 36 115 726
16 37 264 661
16 38 169 868
16 39 256 349
16 40 264 579
16 41 3 315
16 42 443 406
16 43 657 780
16 44 211 926
16 45 677 504
16 46 940 562
16 47 960 520
16 48 451 638
16 49 487 770
16 50 449 167
16 51 678 153
16 52 969 301
16 53 270 732
16 54 417 828
16 55 682 455
16 56 785 401
16 57 984 181
16 58 237 238
16 59 960 352
16 60 309 423
16 61 296 396
16 62 820 220
16 63 538 730
16 64 420 529
16 65 233 630
16 66 668 718
16 67 168 793
16 68 266 897
16 69 686 343
16 70 664 469
16 71 382 841
16 72 764 267
16 73 684 427
16 74 639 452
16 75 509 671
16 76 210 493
16 77 624 677
16 78 801 512
16 79 921 530
16 80 144 932
16 81 272 359
16 82 174 566
16 83 775 207
16 84 53 855
16 85 321 332
16 86 100 744
16 87 280 315
16 88 219 315
16 89 285 495
16 90 344 729
16 91 504 562
16 92 45 642
16 93 293 230
16 94 993 261
16 95 996 404
16 96 443 278
16 97 854 529
16 98 518 217
16 99 544 284
17 18 396 351
17 19 792 500
17 20 160 510
17 21 730 631
17 22 524 571
17 23 232 505
17 24 757 273
17 25 442 716
17 26 354 539
17 27 603 551
17 28 236 274
17 29 610 696
17 30 635 321
17 31 433 648
17 32 234 719
17 33 969 93
17 34 891 438
17 35 530 376
17 36 323 258
17 37 13 613
17 38 129 818
17 39 507 836
17 40 537 594
17 41 50 676
17 42 777 434
17 43 81 591
17 44 900 496
17 45 556 576
17 46 912 204
17 47 993 678
17 48 717 324
17 49 124 720
17 50 384 516
17 51 888 620
17 52 693 321
17 53 696 178
17 54 818 633
17 55 300 326
17 56 119 877
17 57 754 280
17 58 684 375
17 59 46 804
17 60 808 164
17 61 492 199
17 62 721 213
17 63 956 598
17 64 596 663
17 65 76 576
17 66 528 214
17 67 408 280
17 68 486 815
17 69 765 369
17 70 687 604
17 71 294 895
17 72 869 208
17 73 791 373
17 74 255 772
17 75 703 238
17 76 561 465
17 77 397 207
17 78 856 536
17 79 288 849
17 80 788 240
17 81 252 916
17 82 811 485
17 83 319 550
17 84 657 618
17 85 346 805
17 86 846 322
17 87 575 374
17 88 463 840
17 89 727 492
17 90 269 678
17 91 776 645
17 92 718 479
17 93 574 609
17 94 532 693
17 95 204 868
17 96 664 457
17 97 205 289
17 98 729 604
17 99 42 948
18 19 941 329
18 20 841 707
18 21 772 411
18 22 621 172
18 23 326 600
18 24 409 246
18 25 592 508
18 26 286 806
18 27 896 482
18 28 960 346
18 29 950 649
18 30 479 495
18 31 326 674
18 32 354 242
18 33 29 299
18 34 193 748
18 35 561 166
18 36 55 900
18 37 177 789
18 38 286 668
18 39 909 691
18 40 88 921
18 41 943 114
18 42 737 120
18 43 710 494
18 44 686 453
18 45 458 801
18 46 577 754
18 47 242 729
18 48 936 151
18 49 952 203
18 50 665 190
18 51 198 925
18 52 495 682
18 53 40 661
18 54 84 924
18 55 247 419
18 56 858 86
18 57 778 734
18 58 448 642
18 59 884 270
18 60 171 584
18 61 155 367
18 62 542 620
18 63 400 744
18 64 798 81
18 65 227 877
18 66 755 767
18 67 19 992
18 68 702 244
18 69 68 347
18 70 150 389
18 71 561 497
18 72 841 401
18 73 111 681
18 74 568 594
18 75 731 475
18 76 242 486
18 77 19 787
18 78 31 878
18 79 528 632
18 80 531 391
18 81 41 362
18 82 906 670
18 83 618 250
18 84 380 791
18 85 253 588
18 86 625 468
18 87 95 693
18 88 991 29
18 89 929 458
18 90 557 783
18 91 199 896
18 92 526 802
18 93 546 494
18 94 415 331
18 95 890 53
18 96 995 578
18 97 923 583
18 98 558 279
18 99 227 737
19 20 16 872
19 21 444 306
19 22 922 345
19 23 176 512
19 24 942 200
19 25 122 921
19 26 223 832
19 27 997 511
19 28 860 429
19 29 760 682
19 30 870 383
19 31 229 591
19 32 335 868
19 33 878 510
19 34 94 439
19 35 927 647
19 36 411 705
19 37 783 264
19 38 291 525
19 39 246 427
19 40 319 342
19 41 69 669
19 42 732 655
19 43 344 876
19 44 317 241
19 45 384 754
19 46 897 306
19 47 188 261
19 48 4 520
19 49 638 696
19 50 198 900
19 51 118 480
19 52 175 840
19 53 580 765
19 54 890 227
19 55 985 359
19 56 649 785
19 57 412 830
19 58 118 519
19 59 679 403
19 60 979 665
19 61 59 569
19 62 29 665
19 63 590 576
19 64 805 444
19 65 478 276
19 66 381 227
19 67 119 824
19 68 11 667
19 69 620 794
19 70 531 257
19 71 143 358
19 72 50 376
19 73 580 777
19 74 409 202
19 75 216 761
19 76 394 585
19 77 773 416
19 78 217 252
19 79 780 524
19 80 47 738
19 81 253 331
19 82 319 539
19 83 575 586
19 84 258 495
19 85 289 786
19 86 591 362
19 87 504 372
19 88 979 518
19 89 804 499
19 90 451 823
19 91 835 204
19 92 735 620
19 93 906 388
19 94 568 206
19 95 488 792
19 96 923 576
19 97 205 314
19 98 933 220
19 99 759 643
20 21 793 169
20 22 878 218
20 23 180 612
20 24 175 475
20 25 497 345
20 26 778 275
20 27 648 699
20 28 315 742
20 29 634 615
20 30 736 284
20 31 117 918
20 32 102 918
20 33 331 209
20 34 93 678
20 35 890 373
20 36 575 744
20 37 210 296
20 38 748 698
20 39 356 447
20 40 40 464
20 41 720 449
20 42 340 891
20 43 271 421
20 44 874 660
20 45 652 487
20 46 100 602
20 47 703 537
20 48 521 545
20 49 568 366
20 50 904 549
20 51 67 326
20 52 511 181
20 53 2 526
20 54 894 199
20 55 885 525
20 56 347 368
20 57 583 817
20 58 618 774
20 59 385 567
20 60 712 266
20 61 320 296
20 62 440 539
20 63 190 799
20 64 118 701
20 65 750 151
20 66 880 690
20 67 179 474
20 68 326 741
20 69 755 161
20 70 233 835
20 71 264 278
20 72 11 531
20 73 329 555
20 74 271 472
20 75 530 263
20 76 526 553
20 77 809 294
20 78 60 939
20 79 76 794
20 80 799 208
20 81 393 449
20 82 966 192
20 83 706 497
20 84 86 808
20 85 78 582
20 86 168 785
20 87 182 629
20 88 80 681
20 89 31 454
20 90 244 278
20 91 523 787
20 92 680 704
20 93 577 775
20 94 187 722
20 95 652 145
20 96 248 235
20 97 196 648
20 98 190 372
20 99 635 696
21 22 355 798
21 23 174 519
21 24 707 488
21 25 310 679
21 26 213 339
21 27 813 591
21 28 398 566
21 29 49 787
21 30 748 101
21 31 19 540
21 32 991 244
21 33 696 171
21 34 468 342
21 35 221 709
21 36 715 136
21 37 479 306
21 38 841 386
21 39 719 646
21 40 910 401
21 41 826 458
21 42 667 481
21 43 242 477
21 44 418 638
21 45 662 560
21 46 494 706
21 47 702 732
21 48 440 383
21 49 553 696
21 50 322 518
21 51 128 460
21 52 925 362
21 53 168 650
21 54 127 700
21 55 236 748
21 56 406 336
21 57 40 736
21 58 258 386
21 59 516 785
21 60 987 551
21 61 51 629
21 62 406 239
21 63 287 731
21 64 80 557
21 65 971 67
21 66 143 789
21 67 255 737
21 68 23 389
21 69 910 105
21 70 407 609
21 71 121 463
21 72 701 208
21 73 491 459
21 74 494 403
21 75 492 252
21 76 631 620
21 77 456 809
21 78 237 878
21 79 806 504
21 80 872 510
21 81 536 331
21 82 716 524
21 83 923 290
21 84 993 475
21 85 625 209
21 86 932 208
21 87 38 307
21 88 42 449
21 89 167 921
21 90 64 425
21 91 201 699
21 92 768 159
21 93 95 483
21 94 594 649
21 95 530 695
21 96 541 748
21 97 242 381
21 98 925 387
21 99 976 344
22 23 322 217
22 24 560 209
22 25 346 401
22 26 915 612
22 27 634 181
22 28 251 603
22 29 944 619
22 30 122 859
22 31 481 526
22 32 332 658
22 33 377 403
22 34 980 69
22 35 928 423
22 36 153 715
22 37 837 136
22 38 456 220
22 39 360 311
22 40 623 300
22 41 243 329
22 42 172 612
22 43 481 539
22 44 400 721
22 45 451 683
22 46 954 640
22 47 76 804
22 48 356 217
22 49 409 700
22 50 710 417
22 51 748 584
22 52 825 332
22 53 423 712
22 54 241 562
22 55 746 237
22 56 10 533
22 57 309 468
22 58 852 563
22 59 682 153
22 60 340 536
22 61 549 439
22 62 361 351
22 63 310 415
22 64 929 96
22 65 256 546
22 66 483 563
22 67 672 134
22 68 321 817
22 69 240 339
22 70 622 788
22 71 687 575
22 72 420 303
22 73 853 168
22 74 152 822
22 75 398 247
22 76 892 400
22 77 112 864
22 78 539 484
22 79 466 634
22 80 116 806
22 81 408 479
22 82 568 552
22 83 52 755
22 84 580 275
22 85 715 676
22 86 748 385
22 87 967 382
22 88 429 844
22 89 926 437
22 90 897 607
22 91 779 222
22 92 397 220
22 93 615 260
22 94 268 488
22 95 479 610
22 96 657 725
22 97 242 553
22 98 266 827
22 99 784 586
23 24 611 150
23 25 994 242
23 26 233 324
23 27 326 618
23 28 937 634
23 29 54 448
23 30 668 121
23 31 918 633
23 32 148 354
23 33 632 678
23 34 675 673
23 35 651 267
23 36 732 579
23 37 142 486
23 38 167 382
23 39 624 181
23 40 5 779
23 41 681 373
23 42 182 760
23 43 913 715
23 44 676 178
23 45 581 363
23 46 145 867
23 47 822 553
23 48 621 594
23 49 193 932
23 50 394 366
23 51 774 96
23 52 750 258
23 53 345 806
23 54 443 777
23 55 318 638
23 56 699 342
23 57 915 411
23 58 425 844
23 59 856 56
23 60 521 652
23 61 608 611
23 62 875 451
23 63 748 503
23 64 722 485
23 65 981 656
23 66 769 499
23 67 939 22
23 68 452 174
23 69 858 180
23 70 812 182
23 71 751 396
23 72 207 438
23 73 859 609
23 74 531 337
23 75 406 738
23 76 765 574
23 77 775 508
23 78 789 364
23 79 974 350
23 80 241 559
23 81 682 635
23 82 497 765
23 83 188 381
23 84 459 676
23 85 992 544
23 86 393 786
23 87 80 898
23 88 121 906
23 89 605 512
23 90 661 327
23 91 680 404
23 92 513 313
23 93 889 640
23 94 620 289
23 95 882 429
23 96 118 283
23 97 876 61
23 98 997 674
23 99 525 313
24 25 425 425
24 26 465 793
24 27 721 480
24 28 633 703
24 29 674 472
24 30 610 781
24 31 447 525
24 32 329 613
24 33 852 619
24 34 103 280
24 35 588 307
24 36 941 479
24 37 955 527
24 38 20 693
24 39 148 544
24 40 1 660
24 41 52 589
24 42 83 831
24 43 387 752
24 44 617 672
24 45 145 926
24 46 689 215
24 47 472 484
24 48 908 462
24 49 632 789
24 50 154 545
24 51 848 677
24 52 56 333
24 53 625 607
24 54 208 919
24 55 590 424
24 56 179 408
24 57 719 202
24 58 724 741
24 59 645 394
24 60 82 346
24 61 651 498
24 62 220 780
24 63 59 489
24 64 345 755
24 65 38 707
24 66 784 275
24 67 739 587
24 68 145 661
24 69 538 612
24 70 847 371
24 71 949 160
24 72 887 244
24 73 612 722
24 74 56 521
24 75 362 838
24 76 800 142
24 77 572 532
24 78 962 59
24 79 668 175
24 80 730 249
24 81 151 564
24 82 152 911
24 83 100 700
24 84 758 89
24 85 288 836
24 86 533 737
24 87 67 549
24 88 626 424
24 89 843 637
24 90 281 570
24 91 295 267
24 92 864 428
24 93 951 659
24 94 241 613
24 95 116 564
24 96 770 334
24 97 317 746
24 98 126 622
24 99 759 193
25 26 594 342
25 27 918 545
25 28 265 794
25 29 420 447
25 30 72 599
25 31 122 642
25 32 609 258
25 33 930 600
25 34 889 683
25 35 343 330
25 36 879 270
25 37 791 201
25 38 645 775
25 39 795 68
25 40 865 104
25 41 787 326
25 42 979 126
25 43 107 582
25 44 987 495
25 45 767 154
25 46 141 723
25 47 207 822
25 48 946 503
25 49 694 430
25 50 576 653
25 51 491 157
25 52 361 341
25 53 725 387
25 54 249 893
25 55 721 607
25 56 894 343
25 57 28 332
25 58 68 530
25 59 798 708
25 60 747 668
25 61 155 345
25 62 757 241
25 63 15 432
25 64 378 805
25 65 113 801
25 66 555 751
25 67 700 679
25 68 436 318
25 69 629 224
25 70 418 636
25 71 957 616
25 72 674 280
25 73 218 489
25 74 963 96
25 75 542 797
25 76 791 353
25 77 709 389
25 78 810 403
25 79 208 754
25 80 980 364
25 81 759 107
25 82 805 316
25 83 970 590
25 84 32 870
25 85 562 651
25 86 982 182
25 87 466 276
25 88 624 683
25 89 34 353
25 90 987 473
25 91 960 530
25 92 696 779
25 93 298 457
25 94 915 161
25 95 214 847
25 96 959 547
25 97 21 729
25 98 325 752
25 99 463 186
26 27 482 758
26 28 467 380
26 29 960 255
26 30 913 208
26 31 475 176
26 32 963 484
26 33 595 343
26 34 547 789
26 35 967 430
26 36 365 344
26 37 832 526
26 38 369 225
26 39 680 694
26 40 753 284
26 41 697 571
26 42 893 343
26 43 589 787
26 44 274 702
26 45 740 167
26 46 6 646
26 47 96 371
26 48 79 388
26 49 587 260
26 50 254 294
26 51 311 821
26 52 25 683
26 53 943 227
26 54 56 526
26 55 26 846
26 56 526 685
26 57 460 743
26 58 926 241
26 59 103 315
26 60 774 420
26 61 710 136
26 62 459 642
26 63 257 257
26 64 901 133
26 65 448 587
26 66 981 422
26 67 618 162
26 68 906 686
26 69 544 324
26 70 757 442
26 71 523 586
26 72 378 421
26 73 441 326
26 74 839 139
26 75 843 196
26 76 130 844
26 77 650 309
26 78 306 504
26 79 748 461
26 80 636 296
26 81 572 759
26 82 521 174
26 83 274 639
26 84 203 822
26 85 782 97
26 86 649 795
26 87 957 517
26 88 432 734
26 89 963 466
26 90 945 128
26 91 954 250
26 92 832 403
26 93 104 790
26 94 780 273
26 95 77 933
26 96 31 694
26 97 793 190
26 98 556 170
26 99 2 525
27 28 194 939
27 29 844 54
27 30 876 594
27 31 662 318
27 32 675 363
27 33 799 443
27 34 925 263
27 35 282 524
27 36 293 223
27 37 835 607
27 38 389 212
27 39 576 329
27 40 443 708
27 41 434 697
27 42 862 55
27 43 271 668
27 44 536 509
27 45 777 108
27 46 679 700
27 47 981 248
27 48 430 385
27 49 719 586
27 50 348 849
27 51 456 199
27 52 841 423
27 53 662 605
27 54 253 867
27 55 22 827
27 56 882 71
27 57 483 575
27 58 301 812
27 59 108 354
27 60 434 437
27 61 853 140
27 62 599 135
27 63 655 259
27 64 763 373
27 65 292 871
27 66 874 631
27 67 237 464
27 68 37 849
27 69 848 733
27 70 503 285
27 71 319 323
27 72 305 611
27 73 438 666
27 74 428 689
27 75 559 227
27 76 697 768
27 77 628 701
27 78 651 784
27 79 183 327
27 80 447 482
27 81 53 531
27 82 509 440
27 83 190 911
27 84 877 363
27 85 724 699
27 86 672 703
27 87 58 749
27 88 886 466
27 89 710 588
27 90 692 515
27 91 215 295
27 92 919 653
27 93 760 722
27 94 684 267
27 95 56 871
27 96 440 459
27 97 160 859
27 98 466 490
27 99 729 478
28 29 495 835
28 30 520 798
28 31 829 616
28 32 168 613
28 33 576 693
28 34 930 595
28 35 153 538
28 36 955 567
28 37 327 616
28 38 950 581
28 39 55 722
28 40 694 676
28 41 836 702
28 42 999 564
28 43 833 537
28 44 820 669
28 45 934 309
28 46 89 368
28 47 603 623
28 48 469 478
28 49 325 238
28 50 375 209
28 51 527 608
28 52 968 384
28 53 895 222
28 54 577 594
28 55 939 618
28 56 490 336
28 57 435 827
28 58 871 582
28 59 736 586
28 60 911 405
28 61 473 386
28 62 178 388
28 63 757 766
28 64 989 686
28 65 248 313
28 66 827 110
28 67 56 634
28 68 959 196
28 69 877 601
28 70 42 724
28 71 26 533
28 72 128 500
28 73 709 618
28 74 933 102
28 75 851 477
28 76 919 509
28 77 487 477
28 78 985 97
28 79 844 120
28 80 455 541
28 81 7 581
28 82 857 43
28 83 680 103
28 84 553 432
28 85 981 681
28 86 541 642
28 87 742 558
28 88 327 845
28 89 586 753
28 90 678 411
28 91 196 535
28 92 339 379
28 93 795 484
28 94 661 218
28 95 555 200
28 96 180 483
28 97 624 136
28 98 466 295
28 99 863 498
29 30 760 467
29 31 689 714
29 32 444 785
29 33 842 200
29 34 621 260
29 35 365 584
29 36 529 569
29 37 655 471
29 38 976 661
29 39 486 187
29 40 858 196
29 41 849 159
29 42 649 329
29 43 259 679
29 44 965 547
29 45 863 137
29 46 686 616
29 47 994 110
29 48 260 282
29 49 643 326
29 50 907 495
29 51 740 773
29 52 50 364
29 53 646 803
29 54 774 522
29 55 159 645
29 56 908 447
29 57 745 712
29 58 839 197
29 59 872 566
29 60 165 862
29 61 223 549
29 62 583 429
29 63 204 752
29 64 361 387
29 65 899 700
29 66 52 384
29 67 709 510
29 68 700 720
29 69 350 479
29 70 188 365
29 71 54 964
29 72 764 463
29 73 601 365
29 74 983 529
29 75 938 286
29 76 37 428
29 77 610 727
29 78 215 477
29 79 929 234
29 80 413 818
29 81 690 438
29 82 460 278
29 83 661 672
29 84 480 755
29 85 24 442
29 86 935 155
29 87 40 532
29 88 420 571
29 89 678 608
29 90 767 105
29 91 742 517
29 92 363 719
29 93 334 496
29 94 940 443
29 95 25 327
29 96 113 395
29 97 344 343
29 98 792 195
29 99 288 758
30 31 660 223
30 32 797 543
30 33 367 259
30 34 976 534
30 35 591 406
30 36 200 818
30 37 964 570
30 38 532 618
30 39 451 596
30 40 827 177
30 41 910 300
30 42 963 284
30 43 659 725
30 44 571 473
30 45 343 793
30 46 148 493
30 47 641 645
30 48 938 104
30 49 493 287
30 50 676 683
30 51 51 952
30 52 292 427
30 53 849 123
30 54 174 299
30 55 158 625
30 56 25 466
30 57 76 746
30 58 124 889
30 59 764 253
30 60 671 540
30 61 434 350
30 62 964 425
30 63 765 331
30 64 957 161
30 65 601 748
30 66 246 661
30 67 455 757
30 68 465 225
30 69 182 451
30 70 861 159
30 71 689 693
30 72 428 692
30 73 228 601
30 74 746 559
30 75 410 777
30 76 165 600
30 77 11 559
30 78 973 642
30 79 735 615
30 80 500 487
30 81 484 800
30 82 240 696
30 83 181 896
30 84 884 589
30 85 562 386
30 86 307 449
30 87 599 317
30 88 137 547
30 89 430 349
30 90 437 294
30 91 18 349
30 92 242 596
30 93 682 559
30 94 290 564
30 95 301 908
30 96 903 408
30 97 595 774
30 98 381 522
30 99 297 777
31 32 44 621
31 33 588 738
31 34 911 419
31 35 568 701
31 36 275 595
31 37 130 447
31 38 102 897
31 39 198 692
31 40 967 31
31 41 568 662
31 42 69 532
31 43 151 566
31 44 744 333
31 45 470 462
31 46 221 760
31 47 63 735
31 48 657 126
31 49 194 567
31 50 435 657
31 51 285 276
31 52 88 297
31 53 189 701
31 54 758 700
31 55 136 874
31 56 826 426
31 57 241 255
31 58 498 509
31 59 726 157
31 60 849 434
31 61 798 259
31 62 775 674
31 63 530 223
31 64 328 735
31 65 816 670
31 66 423 393
31 67 493 521
31 68 821 355
31 69 744 688
31 70 228 496
31 71 29 324
31 72 895 461
31 73 251 681
31 74 414 710
31 75 52 699
31 76 837 89
31 77 817 442
31 78 855 233
31 79 43 593
31 80 733 738
31 81 984 364
31 82 418 621
31 83 918 406
31 84 306 653
31 85 74 781
31 86 982 113
31 87 179 671
31 88 842 658
31 89 950 195
31 90 847 635
31 91 526 601
31 92 143 668
31 93 163 435
31 94 115 775
31 95 98 278
31 96 699 256
31 97 937 70
31 98 199 616
31 99 792 560
32 33 649 718
32 34 862 636
32 35 874 156
32 36 146 312
32 37 725 348
32 38 444 705
32 39 830 587
32 40 752 576
32 41 597 674
32 42 983 443
32 43 158 939
32 44 614 359
32 45 469 649
32 46 898 502
32 47 869 55
32 48 769 75
32 49 954 425
32 50 538 182
32 51 797 486
32 52 805 315
32 53 331 387
32 54 995 572
32 55 731 725
32 56 512 716
32 57 282 890
32 58 504 694
32 59 11 518
32 60 247 698
32 61 353 556
32 62 922 716
32 63 781 352
32 64 666 397
32 65 978 86
32 66 393 561
32 67 891 309
32 68 387 823
32 69 487 362
32 70 390 820
32 71 655 678
32 72 952 15
32 73 396 420
32 74 436 532
32 75 790 261
32 76 746 529
32 77 406 540
32 78 167 830
32 79 698 687
32 80 133 663
32 81 783 179
32 82 566 672
32 83 588 283
32 84 123 450
32 85 688 515
32 86 393 779
32 87 46 652
32 88 468 393
32 89 213 637
32 90 671 497
32 91 530 796
32 92 105 796
32 93 948 405
32 94 951 207
32 95 660 787
32 96 656 254
32 97 330 750
32 98 380 787
32 99 963 369
33 34 953 264
33 35 883 147
33 36 795 701
33 37 505 821
33 38 856 163
33 39 354 765
33 40 705 592
33 41 167 621
33 42 264 628
33 43 268 674
33 44 159 637
33 45 414 545
33 46 114 731
33 47 102 672
33 48 992 207
33 49 838 228
33 50 438 479
33 51 897 725
33 52 933 607
33 53 753 263
33 54 416 636
33 55 733 766
33 56 259 559
33 57 433 563
33 58 916 180
33 59 121 402
33 60 112 712
33 61 362 603
33 62 145 340
33 63 372 263
33 64 37 945
33 65 676 639
33 66 256 360
33 67 649 243
33 68 611 238
33 69 878 514
33 70 96 664
33 71 348 648
33 72 150 782
33 73 688 766
33 74 526 785
33 75 982 9
33 76 228 585
33 77 811 167
33 78 147 812
33 79 172 333
33 80 57 903
33 81 831 710
33 82 898 718
33 83 538 407
33 84 400 665
33 85 537 183
33 86 250 230
33 87 53 778
33 88 983 45
33 89 818 443
33 90 136 950
33 91 740 255
33 92 452 206
33 93 327 858
33 94 132 406
33 95 959 78
33 96 120 941
33 97 559 163
33 98 94 302
33 99 427 333
34 35 267 712
34 36 306 682
34 37 700 731
34 38 110 426
34 39 19 330
34 40 375 711
34 41 787 576
34 42 892 434
34 43 888 319
34 44 984 92
34 45 920 339
34 46 922 253
34 47 96 372
34 48 93 600
34 49 52 973
34 50 109 570
34 51 559 203
34 52 504 371
34 53 693 480
34 54 990 263
34 55 938 450
34 56 284 711
34 57 15 510
34 58 20 746
34 59 696 631
34 60 115 510
34 61 468 242
34 62 877 170
34 63 293 770
34 64 455 191
34 65 96 352
34 66 190 592
34 67 462 242
34 68 459 535
34 69 94 859
34 70 538 301
34 71 596 711
34 72 610 551
34 73 555 326
34 74 739 539
34 75 405 708
34 76 228 528
34 77 765 612
34 78 160 402
34 79 302 862
34 80 12 651
34 81 630 630
34 82 475 820
34 83 156 609
34 84 50 392
34 85 12 553
34 86 189 244
34 87 648 313
34 88 754 405
34 89 277 281
34 90 240 813
34 91 126 661
34 92 832 313
34 93 189 720
34 94 334 760
34 95 215 257
34 96 992 194
34 97 860 247
34 98 76 716
34 99 848 117
35 36 351 226
35 37 730 613
35 38 910 656
35 39 265 643
35 40 41 874
35 41 924 285
35 42 473 820
35 43 242 547
35 44 378 668
35 45 877 247
35 46 779 712
35 47 597 721
35 48 846 640
35 49 313 405
35 50 403 644
35 51 863 648
35 52 223 633
35 53 468 482
35 54 69 872
35 55 22 716
35 56 923 668
35 57 77 930
35 58 73 806
35 59 91 712
35 60 519 222
35 61 640 625
35 62 98 491
35 63 765 600
35 64 708 608
35 65 396 599
35 66 866 141
35 67 785 204
35 68 39 523
35 69 88 895
35 70 153 901
35 71 347 281
35 72 760 336
35 73 16 863
35 74 539 571
35 75 163 276
35 76 233 626
35 77 52 518
35 78 373 782
35 79 556 189
35 80 589 503
35 81 735 231
35 82 153 342
35 83 682 462
35 84 208 738
35 85 115 518
35 86 751 230
35 87 450 385
35 88 652 420
35 89 284 685
35 90 257 818
35 91 193 423
35 92 448 656
35 93 293 268
35 94 50 767
35 95 642 618
35 96 247 807
35 97 682 300
35 98 89 703
35 99 143 849
36 37 869 204
36 38 184 934
36 39 860 292
36 40 813 156
36 41 475 808
36 42 477 431
36 43 616 566
36 44 547 223
36 45 625 374
36 46 347 727
36 47 297 287
36 48 959 274
36 49 896 96
36 50 130 460
36 51 985 352
36 52 302 786
36 53 149 423
36 54 484 839
36 55 289 385
36 56 553 456
36 57 584 145
36 58 57 971
36 59 828 128
36 60 496 161
36 61 56 866
36 62 887 637
36 63 382 630
36 64 760 283
36 65 797 258
36 66 506 626
36 67 784 495
36 68 250 383
36 69 973 354
36 70 642 484
36 71 259 599
36 72 893 153
36 73 640 309
36 74 903 442
36 75 386 563
36 76 987 451
36 77 893 417
36 78 781 281
36 79 437 211
36 80 71 340
36 81 894 623
36 82 276 587
36 83 35 587
36 84 892 457
36 85 129 904
36 86 401 209
36 87 890 66
36 88 533 433
36 89 828 224
36 90 67 333
36 91 835 648
36 92 224 723
36 93 180 927
36 94 948 707
36 95 57 381
36 96 168 760
36 97 587 221
36 98 140 903
36 99 701 788
37 38 161 870
37 39 468 593
37 40 79 837
37 41 505 636
37 42 254 337
37 43 857 224
37 44 734 561
37 45 79 404
37 46 6 851
37 47 483 301
37 48 104 830
37 49 347 876
37 50 55 310
37 51 68 354
37 52 202 723
37 53 576 669
37 54 269 725
37 55 354 631
37 56 995 399
37 57 227 782
37 58 858 717
37 59 616 254
37 60 606 402
37 61 19 859
37 62 657 168
37 63 901 279
37 64 400 729
37 65 812 543
37 66 781 701
37 67 399 256
37 68 965 106
37 69 199 880
37 70 816 353
37 71 906 148
37 72 182 506
37 73 130 315
37 74 505 771
37 75 802 116
37 76 287 227
37 77 309 574
37 78 689 266
37 79 39 480
37 80 916 721
37 81 198 717
37 82 431 601
37 83 56 764
37 84 197 481
37 85 444 586
37 86 767 194
37 87 452 474
37 88 354 694
37 89 138 410
37 90 198 306
37 91 752 211
37 92 914 416
37 93 904 305
37 94 995 701
37 95 764 291
37 96 226 401
37 97 260 882
37 98 981 411
37 99 628 588
38 39 323 699
38 40 527 250
38 41 295 904
38 42 777 579
38 43 370 578
38 44 776 652
38 45 104 508
38 46 271 850
38 47 588 506
38 48 481 615
38 49 913 715
38 50 598 802
38 51 17 553
38 52 417 558
38 53 937 236
38 54 832 614
38 55 553 645
38 56 838 250
38 57 151 596
38 58 889 694
38 59 517 807
38 60 967 471
38 61 868 495
38 62 124 446
38 63 111 383
38 64 552 781
38 65 247 418
38 66 749 106
38 67 107 933
38 68 872 350
38 69 56 365
38 70 886 692
38 71 458 806
38 72 289 779
38 73 688 495
38 74 845 505
38 75 139 579
38 76 319 732
38 77 894 281
38 78 752 730
38 79 16 625
38 80 772 654
38 81 769 242
38 82 750 569
38 83 490 463
38 84 550 548
38 85 26 738
38 86 692 97
38 87 399 314
38 88 992 464
38 89 318 251
38 90 520 466
38 91 159 787
38 92 678 241
38 93 441 431
38 94 557 266
38 95 355 663
38 96 668 630
38 97 616 806
38 98 863 247
38 99 728 686
39 40 685 638
39 41 408 502
39 42 223 890
39 43 445 340
39 44 848 263
39 45 337 851
39 46 41 837
39 47 718 209
39 48 193 462
39 49 101 387
39 50 430 686
39 51 809 406
39 52 839 165
39 53 23 327
39 54 412 819
39 55 592 448
39 56 121 639
39 57 40 896
39 58 746 319
39 59 799 643
39 60 662 717
39 61 16 818
39 62 528 350
39 63 519 834
39 64 261 589
39 65 133 706
39 66 668 126
39 67 441 651
39 68 888 362
39 69 960 13
39 70 497 370
39 71 769 341
39 72 536 639
39 73 450 477
39 74 550 818
39 75 447 506
39 76 89 382
39 77 897 179
39 78 319 288
39 79 962 661
39 80 544 777
39 81 538 515
39 82 807 525
39 83 646 653
39 84 50 611
39 85 651 128
39 86 630 628
39 87 75 856
39 88 99 768
39 89 522 554
39 90 26 687
39 91 305 541
39 92 672 464
39 93 50 554
39 94 553 820
39 95 958 100
39 96 836 456
39 97 461 347
39 98 439 820
39 99 608 400
40 41 141 376
40 42 9 931
40 43 130 703
40 44 315 601
40 45 730 697
40 46 82 703
40 47 431 333
40 48 335 897
40 49 438 768
40 50 668 761
40 51 662 304
40 52 151 367
40 53 947 377
40 54 61 648
40 55 761 765
40 56 892 190
40 57 527 610
40 58 592 269
40 59 106 747
40 60 849 165
40 61 601 740
40 62 76 824
40 63 760 380
40 64 123 346
40 65 638 452
40 66 322 458
40 67 349 700
40 68 544 408
40 69 601 549
40 70 815 532
40 71 391 306
40 72 653 572
40 73 135 536
40 74 244 550
40 75 458 374
40 76 1 809
40 77 617 655
40 78 337 215
40 79 226 483
40 80 317 351
40 81 713 766
40 82 432 392
40 83 997 191
40 84 727 770
40 85 49 476
40 86 42 415
40 87 236 647
40 88 461 665
40 89 156 864
40 90 501 221
40 91 532 294
40 92 844 680
40 93 681 699
40 94 603 432
40 95 536 654
40 96 943 333
40 97 478 744
40 98 796 462
40 99 68 719
41 42 874 118
41 43 668 752
41 44 748 448
41 45 923 602
41 46 934 250
41 47 196 367
41 48 876 283
41 49 501 468
41 50 155 791
41 51 236 342
41 52 484 601
41 53 588 771
41 54 267 671
41 55 279 738
41 56 551 164
41 57 846 620
41 58 680 689
41 59 93 655
41 60 266 320
41 61 489 344
41 62 726 650
41 63 6 646
41 64 366 687
41 65 623 696
41 66 585 503
41 67 754 169
41 68 974 439
41 69 656 704
41 70 166 586
41 71 977 607
41 72 926 42
41 73 842 648
41 74 813 146
41 75 71 438
41 76 329 851
41 77 982 149
41 78 354 360
41 79 58 957
41 80 606 589
41 81 549 644
41 82 448 724
41 83 544 170
41 84 546 561
41 85 262 758
41 86 123 276
41 87 955 688
41 88 916 702
41 89 9 678
41 90 562 489
41 91 777 516
41 92 346 486
41 93 648 176
41 94 501 546
41 95 913 207
41 96 530 661
41 97 806 396
41 98 935 195
41 99 181 829
42 43 107 692
42 44 651 516
42 45 201 674
42 46 855 252
42 47 775 708
42 48 971 207
42 49 174 888
42 50 484 838
42 51 458 419
42 52 990 655
42 53 579 390
42 54 660 154
42 55 597 170
42 56 181 936
42 57 516 738
42 58 703 427
42 59 938 118
42 60 906 316
42 61 38 947
42 62 126 722
42 63 797 441
42 64 458 681
42 65 536 221
42 66 475 376
42 67 925 404
42 68 358 715
42 69 996 563
42 70 597 175
42 71 443 789
42 72 726 627
42 73 863 498
42 74 922 183
42 75 288 252
42 76 635 647
42 77 736 440
42 78 615 316
42 79 203 403
42 80 113 715
42 81 310 694
42 82 569 215
42 83 981 492
42 84 16 524
42 85 391 746
42 86 833 83
42 87 339 387
42 88 563 769
42 89 871 432
42 90 384 321
42 91 363 496
42 92 606 801
42 93 791 277
42 94 954 89
42 95 851 487
42 96 195 886
42 97 764 383
42 98 196 745
42 99 194 681
43 44 634 215
43 45 192 403
43 46 770 636
43 47 514 786
43 48 226 287
43 49 557 137
43 50 969 240
43 51 81 758
43 52 163 448
43 53 720 636
43 54 982 116
43 55 77 358
43 56 609 165
43 57 451 531
43 58 773 208
43 59 107 960
43 60 137 568
43 61 762 189
43 62 169 302
43 63 951 114
43 64 373 292
43 65 147 458
43 66 443 772
43 67 316 652
43 68 2 364
43 69 670 709
43 70 203 808
43 71 447 274
43 72 786 615
43 73 785 75
43 74 402 249
43 75 755 323
43 76 959 55
43 77 30 584
43 78 569 294
43 79 325 477
43 80 285 745
43 81 683 347
43 82 708 257
43 83 61 603
43 84 350 605
43 85 154 442
43 86 526 336
43 87 250 444
43 88 416 306
43 89 917 356
43 90 254 872
43 91 655 595
43 92 228 377
43 93 207 820
43 94 180 422
43 95 753 675
43 96 621 116
43 97 611 406
43 98 624 274
43 99 390 763
44 45 651 383
44 46 697 241
44 47 763 324
44 48 677 740
44 49 287 279
44 50 645 400
44 51 879 207
44 52 106 664
44 53 928 301
44 54 313 832
44 55 223 914
44 56 874 179
44 57 690 517
44 58 145 636
44 59 524 298
44 60 533 234
44 61 256 319
44 62 648 364
44 63 611 726
44 64 471 471
44 65 386 362
44 66 771 658
44 67 85 759
44 68 640 505
44 69 90 301
44 70 900 153
44 71 537 471
44 72 113 891
44 73 673 309
44 74 197 765
44 75 820 189
44 76 584 293
44 77 955 352
44 78 168 386
44 79 127 727
44 80 204 576
44 81 216 416
44 82 766 293
44 83 903 100
44 84 169 376
44 85 34 658
44 86 749 151
44 87 38 411
44 88 328 220
44 89 332 622
44 90 314 636
44 91 412 413
44 92 488 198
44 93 107 649
44 94 186 707
44 95 741 393
44 96 81 635
44 97 515 373
44 98 624 409
44 99 231 384
45 46 789 433
45 47 550 767
45 48 542 410
45 49 428 373
45 50 129 726
45 51 223 913
45 52 256 254
45 53 365 243
45 54 174 697
45 55 471 779
45 56 321 234
45 57 559 243
45 58 630 635
45 59 611 726
45 60 880 601
45 61 602 142
45 62 847 680
45 63 236 745
45 64 769 611
45 65 840 212
45 66 37 661
45 67 188 410
45 68 205 489
45 69 370 637
45 70 411 663
45 71 449 339
45 72 758 672
45 73 819 460
45 74 130 675
45 75 611 261
45 76 245 797
45 77 918 422
45 78 820 164
45 79 716 715
45 80 582 396
45 81 902 715
45 82 556 472
45 83 5 396
45 84 188 392
45 85 860 176
45 86 36 943
45 87 690 155
45 88 740 100
45 89 844 571
45 90 455 477
45 91 392 490
45 92 657 694
45 93 642 649
45 94 840 94
45 95 270 413
45 96 149 310
45 97 256 514
45 98 881 57
45 99 665 669
46 47 59 728
46 48 327 504
46 49 444 211
46 50 785 637
46 51 210 245
46 52 911 401
46 53 155 544
46 54 549 569
46 55 722 470
46 56 624 697
46 57 415 847
46 58 410 448
46 59 967 387
46 60 918 596
46 61 875 697
46 62 631 329
46 63 88 847
46 64 600 631
46 65 431 547
46 66 519 700
46 67 159 835
46 68 967 253
46 69 682 235
46 70 910 706
46 71 500 574
46 72 384 429
46 73 521 804
46 74 324 393
46 75 909 287
46 76 386 491
46 77 885 105
46 78 428 399
46 79 682 661
46 80 782 555
46 81 913 537
46 82 573 691
46 83 734 313
46 84 12 762
46 85 1000 620
46 86 524 338
46 87 282 804
46 88 128 274
46 89 4 317
46 90 159 643
46 91 607 295
46 92 685 651
46 93 654 465
46 94 405 340
46 95 206 437
46 96 622 747
46 97 388 418
46 98 254 777
46 99 584 754
47 48 67 705
47 49 103 903
47 50 767 496
47 51 89 877
47 52 846 709
47 53 573 551
47 54 657 633
47 55 875 638
47 56 450 854
47 57 647 647
47 58 961 582
47 59 416 505
47 60 544 298
47 61 300 592
47 62 280 352
47 63 171 290
47 64 194 667
47 65 36 618
47 66 110 659
47 67 459 544
47 68 768 681
47 69 195 889
47 70 397 697
47 71 15 896
47 72 177 715
47 73 951 158
47 74 515 601
47 75 771 88
47 76 871 581
47 77 934 524
47 78 555 192
47 79 534 447
47 80 479 315
47 81 490 648
47 82 254 711
47 83 998 418
47 84 290 564
47 85 989 578
47 86 493 509
47 87 264 827
47 88 284 771
47 89 555 259
47 90 776 536
47 91 736 630
47 92 922 33
47 93 686 357
47 94 229 708
47 95 449 190
47 96 873 339
47 97 71 296
47 98 910 374
47 99 613 647
48 49 891 624
48 50 93 372
48 51 809 302
48 52 871 685
48 53 257 741
48 54 153 886
48 55 340 796
48 56 596 737
48 57 239 276
48 58 671 124
48 59 829 104
48 60 999 373
48 61 293 580
48 62 502 769
48 63 964 23
48 64 580 310
48 65 537 482
48 66 288 275
48 67 399 873
48 68 13 898
48 69 933 369
48 70 175 310
48 71 968 355
48 72 814 182
48 73 769 705
48 74 725 156
48 75 699 710
48 76 843 381
48 77 869 561
48 78 740 670
48 79 153 354
48 80 64 473
48 81 28 795
48 82 885 377
48 83 224 555
48 84 219 798
48 85 772 321
48 86 468 219
48 87 384 356
48 88 56 852
48 89 705 127
48 90 714 329
48 91 530 348
48 92 177 772
48 93 427 732
48 94 847 50
48 95 621 608
48 96 544 206
48 97 826 143
48 98 477 759
48 99 618 543
49 50 585 314
49 51 92 770
49 52 422 724
49 53 512 662
49 54 115 548
49 55 141 723
49 56 158 404
49 57 792 331
49 58 651 212
49 59 296 448
49 60 194 671
49 61 31 831
49 62 189 260
49 63 661 422
49 64 330 577
49 65 730 768
49 66 897 165
49 67 437 700
49 68 187 559
49 69 826 546
49 70 338 626
49 71 12 521
49 72 964 574
49 73 297 457
49 74 574 263
49 75 71 765
49 76 460 560
49 77 75 607
49 78 501 688
49 79 361 211
49 80 721 309
49 81 125 575
49 82 710 599
49 83 133 312
49 84 849 111
49 85 120 682
49 86 795 698
49 87 943 378
49 88 644 291
49 89 523 767
49 90 706 342
49 91 853 648
49 92 993 635
49 93 575 532
49 94 561 521
49 95 80 614
49 96 371 867
49 97 847 485
49 98 441 619
49 99 468 176
50 51 314 409
50 52 617 165
50 53 635 225
50 54 857 609
50 55 171 669
50 56 257 581
50 57 786 637
50 58 867 712
50 59 185 489
50 60 20 958
50 61 306 307
50 62 714 645
50 63 136 629
50 64 309 631
50 65 740 415
50 66 712 409
50 67 256 792
50 68 730 459
50 69 648 478
50 70 722 570
50 71 764 188
50 72 362 683
50 73 111 462
50 74 170 493
50 75 256 771
50 76 754 650
50 77 843 140
50 78 175 308
50 79 754 339
50 80 23 801
50 81 298 257
50 82 978 371
50 83 351 425
50 84 278 862
50 85 969 94
50 86 273 552
50 87 967 182
50 88 619 401
50 89 711 227
50 90 495 474
50 91 364 682
50 92 485 331
50 93 428 433
50 94 906 153
50 95 909 141
50 96 769 684
50 97 105 851
50 98 728 90
50 99 382 771
51 52 748 760
51 53 534 440
51 54 564 797
51 55 225 465
51 56 915 32
51 57 93 798
51 58 416 666
51 59 437 540
51 60 986 375
51 61 764 359
51 62 405 801
51 63 896 378
51 64 157 793
51 65 628 738
51 66 472 438
51 67 175 418
51 68 58 630
51 69 422 642
51 70 999 289
51 71 172 445
51 72 607 238
51 73 356 691
51 74 464 751
51 75 974 101
51 76 821 358
51 77 974 433
51 78 96 761
51 79 325 259
51 80 473 819
51 81 723 357
51 82 794 62
51 83 489 271
51 84 732 774
51 85 593 194
51 86 793 751
51 87 908 76
51 88 83 338
51 89 756 633
51 90 545 521
51 91 322 535
51 92 533 179
51 93 396 207
51 94 842 742
51 95 824 130
51 96 295 558
51 97 583 355
51 98 745 527
51 99 771 691
52 53 158 352
52 54 805 452
52 55 331 291
52 56 742 267
52 57 73 846
52 58 808 639
52 59 229 779
52 60 696 605
52 61 876 213
52 62 163 489
52 63 893 696
52 64 753 580
52 65 551 575
52 66 123 426
52 67 837 215
52 68 692 367
52 69 53 928
52 70 807 457
52 71 111 560
52 72 440 405
52 73 784 488
52 74 550 202
52 75 273 545
52 76 786 80
52 77 627 384
52 78 685 700
52 79 182 443
52 80 403 744
52 81 378 777
52 82 206 814
52 83 411 765
52 84 191 589
52 85 477 228
52 86 332 698
52 87 248 769
52 88 813 165
52 89 396 825
52 90 542 648
52 91 412 642
52 92 627 744
52 93 623 718
52 94 650 460
52 95 248 580
52 96 965 260
52 97 151 511
52 98 677 228
52 99 382 382
53 54 410 766
53 55 274 903
53 56 252 781
53 57 879 382
53 58 840 745
53 59 133 324
53 60 246 598
53 61 514 362
53 62 561 165
53 63 999 547
53 64 143 259
53 65 821 351
53 66 778 343
53 67 356 241
53 68 595 725
53 69 468 359
53 70 760 647
53 71 340 533
53 72 840 348
53 73 175 436
53 74 328 513
53 75 395 831
53 76 471 314
53 77 7 760
53 78 20 583
53 79 54 472
53 80 49 647
53 81 89 652
53 82 288 454
53 83 154 632
53 84 320 619
53 85 592 512
53 86 49 775
53 87 231 268
53 88 973 8
53 89 818 390
53 90 858 666
53 91 100 836
53 92 394 393
53 93 838 505
53 94 460 526
53 95 147 500
53 96 8 743
53 97 295 641
53 98 186 527
53 99 964 16
54 55 154 837
54 56 151 460
54 57 974 217
54 58 549 363
54 59 788 618
54 60 484 242
54 61 987 262
54 62 519 171
54 63 966 605
54 64 605 602
54 65 112 934
54 66 305 840
54 67 262 698
54 68 178 686
54 69 192 514
54 70 787 368
54 71 123 397
54 72 63 760
54 73 918 549
54 74 569 292
54 75 557 699
54 76 914 272
54 77 983 160
54 78 305 429
54 79 526 676
54 80 814 664
54 81 602 236
54 82 564 535
54 83 496 739
54 84 462 752
54 85 72 552
54 86 888 501
54 87 283 280
54 88 148 655
54 89 417 862
54 90 264 570
54 91 61 435
54 92 118 484
54 93 219 796
54 94 189 336
54 95 860 326
54 96 484 783
54 97 300 553
54 98 355 197
54 99 569 645
55 56 751 652
55 57 879 320
55 58 896 115
55 59 348 549
55 60 327 847
55 61 176 397
55 62 807 517
55 63 146 721
55 64 966 305
55 65 488 629
55 66 133 385
55 67 23 955
55 68 737 711
55 69 658 183
55 70 570 282
55 71 367 236
55 72 712 414
55 73 840 401
55 74 349 345
55 75 595 756
55 76 365 530
55 77 299 356
55 78 933 318
55 79 993 486
55 80 26 744
55 81 204 453
55 82 13 855
55 83 713 418
55 84 730 416
55 85 153 644
55 86 885 618
55 87 794 659
55 88 4 956
55 89 82 686
55 90 916 662
55 91 847 477
55 92 89 876
55 93 728 239
55 94 941 581
55 95 6 815
55 96 221 343
55 97 759 129
55 98 84 620
55 99 797 480
56 57 918 95
56 58 168 762
56 59 745 515
56 60 934 705
56 61 236 671
56 62 512 831
56 63 157 715
56 64 378 479
56 65 995 599
56 66 346 879
56 67 78 936
56 68 2 342
56 69 950 151
56 70 801 508
56 71 746 634
56 72 208 246
56 73 998 536
56 74 808 597
56 75 8 711
56 76 547 742
56 77 511 836
56 78 400 616
56 79 11 529
56 80 808 564
56 81 842 137
56 82 95 669
56 83 942 26
56 84 218 461
56 85 223 403
56 86 540 822
56 87 620 712
56 88 914 89
56 89 606 443
56 90 801 451
56 91 169 915
56 92 747 595
56 93 17 801
56 94 416 431
56 95 135 835
56 96 535 151
56 97 498 272
56 98 621 128
56 99 663 512
57 58 539 585
57 59 401 632
57 60 115 916
57 61 422 542
57 62 266 234
57 63 313 333
57 64 657 345
57 65 515 353
57 66 257 632
57 67 399 683
57 68 34 545
57 69 62 646
57 70 451 615
57 71 937 362
57 72 891 498
57 73 104 686
57 74 758 464
57 75 471 758
57 76 499 638
57 77 381 407
57 78 6 324
57 79 682 361
57 80 430 542
57 81 623 615
57 82 163 847
57 83 684 778
57 84 258 846
57 85 80 804
57 86 758 319
57 87 214 537
57 88 853 495
57 89 140 537
57 90 927 706
57 91 651 279
57 92 933 179
57 93 832 271
57 94 226 455
57 95 51 637
57 96 257 800
57 97 529 217
57 98 583 568
57 99 398 380
58 59 786 610
58 60 587 545
58 61 584 721
58 62 181 621
58 63 351 444
58 64 708 265
58 65 640 766
58 66 91 558
58 67 958 421
58 68 706 619
58 69 378 854
58 70 945 455
58 71 418 336
58 72 548 680
58 73 538 428
58 74 401 396
58 75 626 471
58 76 2 883
58 77 482 523
58 78 197 905
58 79 447 804
58 80 214 651
58 81 398 804
58 82 127 865
58 83 874 557
58 84 941 404
58 85 372 553
58 86 940 198
58 87 895 601
58 88 509 734
58 89 249 331
58 90 173 303
58 91 554 594
58 92 251 888
58 93 883 84
58 94 803 514
58 95 344 404
58 96 769 631
58 97 674 264
58 98 731 315
58 99 915 399
59 60 360 708
59 61 883 308
59 62 543 472
59 63 745 243
59 64 903 205
59 65 369 881
59 66 405 226
59 67 565 784
59 68 970 574
59 69 946 482
59 70 936 403
59 71 653 672
59 72 317 210
59 73 67 726
59 74 434 239
59 75 738 554
59 76 821 288
59 77 402 335
59 78 459 825
59 79 176 799
59 80 625 193
59 81 20 567
59 82 585 599
59 83 311 852
59 84 794 144
59 85 633 516
59 86 726 717
59 87 830 500
59 88 620 227
59 89 413 216
59 90 617 368
59 91 497 174
59 92 36 395
59 93 313 323
59 94 205 414
59 95 385 871
59 96 311 466
59 97 330 637
59 98 920 369
59 99 776 530
60 61 860 718
60 62 876 533
60 63 895 585
60 64 130 305
60 65 262 540
60 66 674 630
60 67 581 340
60 68 197 513
60 69 60 564
60 70 762 317
60 71 546 794
60 72 14 704
60 73 568 315
60 74 270 914
60 75 815 266
60 76 152 509
60 77 929 205
60 78 953 512
60 79 145 413
60 80 275 810
60 81 77 377
60 82 943 182
60 83 683 121
60 84 768 614
60 85 168 400
60 86 563 177
60 87 652 501
60 88 544 164
60 89 954 56
60 90 898 518
60 91 150 687
60 92 39 521
60 93 493 847
60 94 218 357
60 95 975 473
60 96 548 168
60 97 928 600
60 98 950 230
60 99 567 324
61 62 388 563
61 63 647 469
61 64 724 313
61 65 842 692
61 66 455 751
61 67 440 533
61 68 522 512
61 69 356 431
61 70 97 635
61 71 778 208
61 72 717 364
61 73 499 603
61 74 565 595
61 75 635 409
61 76 665 603
61 77 916 147
61 78 537 509
61 79 776 297
61 80 399 840
61 81 251 697
61 82 924 324
61 83 933 658
61 84 317 242
61 85 789 104
61 86 396 497
61 87 509 547
61 88 557 619
61 89 224 849
61 90 169 823
61 91 830 592
61 92 928 51
61 93 748 622
61 94 912 694
61 95 875 376
61 96 101 755
61 97 888 47
61 98 556 652
61 99 912 284
62 63 189 464
62 64 166 580
62 65 333 855
62 66 267 401
62 67 282 748
62 68 351 371
62 69 567 677
62 70 793 117
62 71 370 601
62 72 833 209
62 73 419 559
62 74 604 678
62 75 277 607
62 76 916 380
62 77 154 566
62 78 113 956
62 79 198 335
62 80 693 223
62 81 177 522
62 82 675 424
62 83 313 576
62 84 549 405
62 85 157 818
62 86 344 567
62 87 554 585
62 88 940 240
62 89 382 643
62 90 583 409
62 91 264 434
62 92 403 565
62 93 90 731
62 94 974 229
62 95 489 792
62 96 532 382
62 97 874 216
62 98 8 882
62 99 585 367
63 64 680 459
63 65 262 568
63 66 686 635
63 67 705 445
63 68 898 548
63 69 476 324
63 70 287 291
63 71 180 362
63 72 82 445
63 73 986 656
63 74 266 277
63 75 723 583
63 76 457 257
63 77 633 701
63 78 370 866
63 79 447 679
63 80 832 559
63 81 285 652
63 82 568 184
63 83 690 501
63 84 274 300
63 85 368 405
63 86 441 262
63 87 157 732
63 88 956 529
63 89 439 613
63 90 500 591
63 91 322 506
63 92 57 718
63 93 787 159
63 94 842 478
63 95 640 242
63 96 641 368
63 97 500 760
63 98 750 372
63 99 591 342
64 65 50 851
64 66 650 399
64 67 983 409
64 68 916 544
64 69 573 721
64 70 305 461
64 71 88 479
64 72 114 568
64 73 222 260
64 74 717 656
64 75 318 448
64 76 566 234
64 77 122 879
64 78 502 303
64 79 343 842
64 80 57 817
64 81 283 414
64 82 462 269
64 83 800 105
64 84 554 436
64 85 339 342
64 86 942 327
64 87 136 751
64 88 425 591
64 89 528 383
64 90 793 725
64 91 77 351
64 92 178 507
64 93 170 732
64 94 81 451
64 95 548 483
64 96 338 666
64 97 259 258
64 98 292 897
64 99 223 355
65 66 719 208
65 67 233 379
65 68 266 878
65 69 966 490
65 70 853 681
65 71 808 475
65 72 135 417
65 73 469 249
65 74 469 411
65 75 230 660
65 76 219 897
65 77 685 337
65 78 562 594
65 79 206 469
65 80 880 474
65 81 852 152
65 82 576 744
65 83 701 110
65 84 996 430
65 85 39 601
65 86 454 209
65 87 4 585
65 88 701 179
65 89 685 711
65 90 68 466
65 91 971 211
65 92 213 483
65 93 245 523
65 94 973 114
65 95 327 736
65 96 840 613
65 97 740 282
65 98 649 441
65 99 911 482
66 67 209 402
66 68 771 726
66 69 523 361
66 70 338 626
66 71 353 881
66 72 604 248
66 73 979 696
66 74 801 479
66 75 53 335
66 76 795 335
66 77 892 571
66 78 16 966
66 79 506 563
66 80 241 530
66 81 531 497
66 82 130 393
66 83 865 239
66 84 835 702
66 85 932 71
66 86 588 133
66 87 994 451
66 88 393 679
66 89 947 182
66 90 202 915
66 91 757 111
66 92 412 320
66 93 746 625
66 94 452 592
66 95 490 836
66 96 623 190
66 97 981 222
66 98 233 804
66 99 990 28
67 68 18 901
67 69 528 298
67 70 566 300
67 71 239 573
67 72 577 322
67 73 571 668
67 74 443 748
67 75 749 103
67 76 661 375
67 77 48 803
67 78 85 725
67 79 908 150
67 80 238 285
67 81 926 297
67 82 356 699
67 83 847 649
67 84 247 709
67 85 772 615
67 86 209 279
67 87 681 594
67 88 679 381
67 89 187 275
67 90 134 578
67 91 867 671
67 92 193 251
67 93 918 619
67 94 749 347
67 95 463 682
67 96 789 334
67 97 749 198
67 98 125 820
67 99 607 535
68 69 487 491
68 70 451 219
68 71 535 342
68 72 669 482
68 73 774 733
68 74 285 424
68 75 316 241
68 76 197 379
68 77 76 411
68 78 737 384
68 79 211 627
68 80 800 329
68 81 776 743
68 82 423 300
68 83 455 184
68 84 542 590
68 85 977 610
68 86 102 493
68 87 622 249
68 88 890 572
68 89 421 284
68 90 755 499
68 91 74 480
68 92 837 128
68 93 378 513
68 94 645 788
68 95 439 170
68 96 30 333
68 97 888 615
68 98 538 250
68 99 992 700
69 70 4 867
69 71 383 332
69 72 716 403
69 73 78 525
69 74 936 236
69 75 567 337
69 76 448 772
69 77 270 814
69 78 621 589
69 79 875 41
69 80 479 575
69 81 356 316
69 82 60 301
69 83 267 544
69 84 610 432
69 85 146 790
69 86 705 162
69 87 413 838
69 88 86 698
69 89 549 625
69 90 886 222
69 91 534 674
69 92 988 559
69 93 648 403
69 94 462 240
69 95 205 653
69 96 772 180
69 97 508 467
69 98 747 383
69 99 887 217
70 71 309 906
70 72 170 775
70 73 59 654
70 74 659 529
70 75 468 528
70 76 855 600
70 77 533 416
70 78 521 718
70 79 285 552
70 80 153 257
70 81 721 237
70 82 109 586
70 83 700 417
70 84 557 805
70 85 716 90
70 86 396 443
70 87 128 833
70 88 563 237
70 89 977 399
70 90 340 397
70 91 478 223
70 92 812 385
70 93 602 291
70 94 562 198
70 95 129 696
70 96 261 400
70 97 270 249
70 98 696 439
70 99 32 805
71 72 834 98
71 73 87 526
71 74 706 588
71 75 370 634
71 76 655 234
71 77 418 840
71 78 533 390
71 79 145 508
71 80 206 789
71 81 513 505
71 82 214 658
71 83 851 430
71 84 234 343
71 85 655 802
71 86 592 148
71 87 822 626
71 88 698 98
71 89 660 427
71 90 646 703
71 91 146 872
71 92 418 427
71 93 383 510
71 94 985 49
71 95 299 442
71 96 815 160
71 97 400 658
71 98 807 379
71 99 529 444
72 73 417 370
72 74 744 681
72 75 409 422
72 76 696 563
72 77 886 426
72 78 469 519
72 79 320 786
72 80 680 163
72 81 169 905
72 82 895 492
72 83 409 691
72 84 223 882
72 85 985 614
72 86 910 145
72 87 332 747
72 88 25 929
72 89 253 806
72 90 15 505
72 91 55 540
72 92 707 786
72 93 671 752
72 94 551 311
72 95 904 463
72 96 348 601
72 97 128 595
72 98 584 265
72 99 670 701
73 74 11 381
73 75 478 648
73 76 56 903
73 77 424 473
73 78 338 527
73 79 466 211
73 80 975 231
73 81 338 796
73 82 152 593
73 83 989 536
73 84 957 308
73 85 319 664
73 86 890 444
73 87 681 749
73 88 235 319
73 89 956 289
73 90 426 781
73 91 318 714
73 92 773 411
73 93 276 726
73 94 100 866
73 95 155 489
73 96 75 514
73 97 560 350
73 98 844 551
73 99 787 707
74 75 975 373
74 76 785 203
74 77 621 313
74 78 493 155
74 79 809 749
74 80 532 482
74 81 866 386
74 82 103 602
74 83 134 640
74 84 987 636
74 85 463 300
74 86 602 384
74 87 705 445
74 88 633 464
74 89 560 419
74 90 43 517
74 91 451 437
74 92 469 739
74 93 630 210
74 94 598 275
74 95 352 859
74 96 420 858
74 97 647 638
74 98 782 561
74 99 568 527
75 76 89 649
75 77 580 180
75 78 149 912
75 79 3 584
75 80 92 320
75 81 817 629
75 82 232 642
75 83 464 578
75 84 248 505
75 85 714 151
75 86 781 692
75 87 893 680
75 88 283 449
75 89 234 580
75 90 488 687
75 91 825 470
75 92 327 483
75 93 354 636
75 94 0 682
75 95 830 262
75 96 250 491
75 97 45 574
75 98 205 671
75 99 514 672
76 77 507 177
76 78 662 622
76 79 333 313
76 80 244 766
76 81 288 319
76 82 655 525
76 83 258 503
76 84 3 353
76 85 931 196
76 86 826 227
76 87 312 687
76 88 570 743
76 89 443 357
76 90 538 509
76 91 588 641
76 92 258 692
76 93 243 810
76 94 630 370
76 95 66 834
76 96 341 216
76 97 815 236
76 98 828 743
76 99 532 479
77 78 136 598
77 79 67 453
77 80 367 397
77 81 811 497
77 82 185 565
77 83 720 224
77 84 695 263
77 85 89 757
77 86 950 643
77 87 914 583
77 88 505 417
77 89 608 418
77 90 814 628
77 91 226 525
77 92 423 253
77 93 791 690
77 94 587 396
77 95 778 388
77 96 59 757
77 97 104 943
77 98 13 451
77 99 733 586
78 79 897 260
78 80 485 400
78 81 647 467
78 82 46 315
78 83 148 392
78 84 262 349
78 85 814 456
78 86 316 522
78 87 808 374
78 88 860 219
78 89 854 562
78 90 529 488
78 91 665 158
78 92 125 365
78 93 145 326
78 94 631 162
78 95 546 697
78 96 812 269
78 97 168 731
78 98 876 70
78 99 670 296
79 80 615 644
79 81 258 767
79 82 536 371
79 83 8 898
79 84 832 289
79 85 88 791
79 86 686 540
79 87 766 377
79 88 225 593
79 89 872 465
79 90 514 573
79 91 405 389
79 92 857 575
79 93 743 732
79 94 433 764
79 95 242 236
79 96 657 309
79 97 845 732
79 98 230 393
79 99 204 586
80 81 369 351
80 82 253 309
80 83 268 478
80 84 869 663
80 85 338 243
80 86 920 552
80 87 394 530
80 88 620 413
80 89 437 671
80 90 916 357
80 91 865 358
80 92 63 949
80 93 194 571
80 94 506 443
80 95 238 801
80 96 793 576
80 97 168 936
80 98 789 738
80 99 367 454
81 82 395 568
81 83 944 364
81 84 656 567
81 85 180 371
81 86 467 320
81 87 179 286
81 88 787 408
81 89 142 817
81 90 61 306
81 91 545 195
81 92 683 630
81 93 165 789
81 94 642 532
81 95 744 452
81 96 947 88
81 97 109 463
81 98 269 237
81 99 71 433
82 83 445 665
82 84 51 947
82 85 958 364
82 86 14 506
82 87 64 355
82 88 26 758
82 89 621 221
82 90 461 823
82 91 745 711
82 92 962 657
82 93 82 341
82 94 41 769
82 95 359 684
82 96 539 805
82 97 421 391
82 98 687 392
82 99 649 156
83 84 326 322
83 85 491 735
83 86 951 181
83 87 446 624
83 88 930 500
83 89 564 651
83 90 92 466
83 91 264 569
83 92 951 185
83 93 444 612
83 94 127 265
83 95 606 765
83 96 473 655
83 97 324 872
83 98 756 583
83 99 761 568
84 85 530 329
84 86 614 415
84 87 34 538
84 88 712 617
84 89 390 693
84 90 244 863
84 91 732 198
84 92 829 636
84 93 600 759
84 94 592 514
84 95 797 707
84 96 761 277
84 97 554 521
84 98 590 745
84 99 124 423
85 86 705 631
85 87 900 496
85 88 253 585
85 89 42 606
85 90 136 656
85 91 945 446
85 92 202 627
85 93 427 314
85 94 907 591
85 95 483 549
85 96 930 487
85 97 768 267
85 98 730 564
85 99 210 373
86 87 238 849
86 88 209 916
86 89 733 263
86 90 807 421
86 91 182 688
86 92 150 459
86 93 213 656
86 94 925 450
86 95 538 522
86 96 102 288
86 97 895 268
86 98 412 275
86 99 720 370
87 88 62 547
87 89 100 727
87 90 12 773
87 91 66 887
87 92 229 362
87 93 707 613
87 94 59 881
87 95 258 854
87 96 653 575
87 97 261 836
87 98 627 516
87 99 573 312
88 89 438 486
88 90 338 237
88 91 249 435
88 92 136 568
88 93 609 323
88 94 213 751
88 95 330 425
88 96 214 910
88 97 413 335
88 98 832 265
88 99 775 628
89 90 490 692
89 91 947 56
89 92 646 131
89 93 789 608
89 94 339 884
89 95 208 455
89 96 465 629
89 97 714 452
89 98 723 638
89 99 810 688
90 91 140 554
90 92 226 929
90 93 783 387
90 94 207 673
90 95 460 433
90 96 575 470
90 97 985 532
90 98 584 635
90 99 394 807
91 92 272 647
91 93 787 665
91 94 59 719
91 95 913 414
91 96 992 297
91 97 880 734
91 98 431 826
91 99 462 531
92 93 768 93
92 94 8 418
92 95 710 742
92 96 183 719
92 97 472 454
92 98 143 841
92 99 28 730
93 94 724 119
93 95 851 721
93 96 772 752
93 97 207 774
93 98 902 413
93 99 136 431
94 95 382 760
94 96 688 336
94 97 503 726
94 98 805 73
94 99 310 527
95 96 742 195
95 97 707 180
95 98 395 373
95 99 802 212
96 97 648 555
96 98 780 81
96 99 797 698
97 98 585 397
97 99 192 825
98 99 513 423
