45
0 1 80 80
0 2 0 920
0 3 999 972
0 4 110 134
0 5 199 115
0 6 104 156
0 7 200 123
0 8 92 114
0 9 170 141
0 10 95 197
0 11 139 82
0 12 155 161
0 13 113 185
0 14 164 164
0 15 124 118
0 16 159 198
0 17 142 184
0 18 104 118
0 19 82 142
0 20 91 88
0 21 133 129
0 22 183 197
0 23 138 120
0 24 192 138
0 25 189 104
0 26 196 150
0 27 190 124
0 28 113 178
0 29 173 189
0 30 185 116
0 31 171 135
0 32 149 134
0 33 166 126
0 34 171 151
0 35 112 145
0 36 191 164
0 37 197 112
0 38 95 100
0 39 183 87
0 40 81 172
0 41 95 109
0 42 91 107
0 43 96 192
0 44 85 179
0 45 199 167
0 46 134 156
0 47 95 168
0 48 90 176
0 49 154 169
1 2 920 0
1 3 928 937
1 4 133 96
1 5 101 121
1 6 153 186
1 7 101 197
1 8 163 106
1 9 80 90
1 10 107 117
1 11 140 107
1 12 143 92
1 13 165 160
1 14 197 171
1 15 119 125
1 16 179 197
1 17 182 84
1 18 109 128
1 19 101 122
1 20 115 188
1 21 124 120
1 22 86 190
1 23 128 163
1 24 131 147
1 25 85 162
1 26 181 109
1 27 81 95
1 28 177 135
1 29 173 143
1 30 119 90
1 31 95 186
1 32 154 84
1 33 121 171
1 34 163 104
1 35 191 194
1 36 142 121
1 37 200 147
1 38 190 185
1 39 111 168
1 40 136 182
1 41 195 107
1 42 94 137
1 43 94 91
1 44 124 194
1 45 86 170
1 46 120 194
1 47 193 138
1 48 101 174
1 49 131 189
2 3 921 954
2 4 142 149
2 5 179 181
2 6 124 196
2 7 107 111
2 8 158 130
2 9 181 95
2 10 169 150
2 11 139 184
2 12 103 191
2 13 160 118
2 14 141 108
2 15 158 172
2 16 171 150
2 17 151 157
2 18 150 198
2 19 93 199
2 20 163 120
2 21 95 123
2 22 134 100
2 23 143 156
2 24 182 103
2 25 171 88
2 26 179 192
2 27 127 192
2 28 171 149
2 29 94 188
2 30 162 108
2 31 109 178
2 32 162 90
2 33 174 86
2 34 122 91
2 35 119 100
2 36 188 80
2 37 98 106
2 38 184 152
2 39 82 132
2 40 141 144
2 41 145 84
2 42 127 181
2 43 101 134
2 44 177 126
2 45 119 117
2 46 166 136
2 47 168 174
2 48 173 116
2 49 158 108
3 4 106 110
3 5 104 159
3 6 115 88
3 7 160 88
3 8 121 91
3 9 90 182
3 10 111 155
3 11 157 122
3 12 189 127
3 13 130 93
3 14 165 170
3 15 145 94
3 16 110 81
3 17 130 138
3 18 119 167
3 19 128 114
3 20 106 126
3 21 115 85
3 22 116 199
3 23 169 112
3 24 180 85
3 25 184 125
3 26 162 97
3 27 192 139
3 28 113 143
3 29 198 162
3 30 144 153
3 31 159 177
3 32 129 145
3 33 183 186
3 34 98 129
3 35 106 110
3 36 162 140
3 37 114 81
3 38 156 176
3 39 182 172
3 40 136 168
3 41 92 175
3 42 101 147
3 43 183 137
3 44 141 174
3 45 140 153
3 46 120 191
3 47 118 170
3 48 199 101
3 49 134 174
4 5 978 996
4 6 952 959
4 7 996 945
4 8 181 144
4 9 81 141
4 10 175 122
4 11 109 102
4 12 199 94
4 13 86 111
4 14 150 134
4 15 129 154
4 16 151 80
4 17 119 183
4 18 136 85
4 19 84 186
4 20 138 198
4 21 127 148
4 22 147 132
4 23 159 199
4 24 174 90
4 25 128 114
4 26 141 111
4 27 133 92
4 28 177 122
4 29 174 154
4 30 162 163
4 31 110 114
4 32 180 119
4 33 128 131
4 34 193 176
4 35 150 133
4 36 131 134
4 37 169 120
4 38 148 85
4 39 180 185
4 40 135 146
4 41 135 82
4 42 168 152
4 43 194 83
4 44 155 99
4 45 132 109
4 46 86 190
4 47 103 122
4 48 81 191
4 49 103 113
5 6 928 922
5 7 964 994
5 8 102 194
5 9 95 151
5 10 181 99
5 11 110 86
5 12 120 95
5 13 130 126
5 14 113 85
5 15 176 200
5 16 155 95
5 17 91 92
5 18 141 170
5 19 169 82
5 20 87 94
5 21 187 149
5 22 137 115
5 23 150 157
5 24 97 183
5 25 196 161
5 26 93 96
5 27 147 188
5 28 194 151
5 29 160 139
5 30 97 188
5 31 188 195
5 32 168 193
5 33 86 188
5 34 178 83
5 35 116 110
5 36 154 113
5 37 132 132
5 38 198 88
5 39 161 195
5 40 114 121
5 41 179 147
5 42 86 108
5 43 94 85
5 44 91 127
5 45 200 119
5 46 111 178
5 47 147 192
5 48 174 148
5 49 143 120
6 7 971 971
6 8 183 111
6 9 146 176
6 10 126 131
6 11 119 153
6 12 114 128
6 13 107 188
6 14 132 186
6 15 118 197
6 16 134 160
6 17 115 106
6 18 170 115
6 19 194 168
6 20 94 199
6 21 152 150
6 22 198 196
6 23 130 91
6 24 171 92
6 25 122 128
6 26 129 107
6 27 180 159
6 28 168 147
6 29 198 92
6 30 144 146
6 31 139 182
6 32 101 136
6 33 155 105
6 34 98 140
6 35 152 160
6 36 127 180
6 37 140 127
6 38 179 186
6 39 86 164
6 40 128 137
6 41 190 180
6 42 117 131
6 43 149 182
6 44 140 96
6 45 86 163
6 46 163 81
6 47 158 106
6 48 148 105
6 49 179 110
7 8 87 152
7 9 188 191
7 10 177 158
7 11 162 129
7 12 85 116
7 13 164 128
7 14 94 152
7 15 171 116
7 16 90 191
7 17 120 164
7 18 85 93
7 19 155 193
7 20 177 193
7 21 188 181
7 22 184 168
7 23 153 195
7 24 186 144
7 25 162 137
7 26 194 184
7 27 128 107
7 28 143 140
7 29 179 144
7 30 193 81
7 31 127 171
7 32 118 108
7 33 132 155
7 34 139 123
7 35 178 143
7 36 130 146
7 37 103 141
7 38 154 175
7 39 126 84
7 40 181 84
7 41 138 133
7 42 84 149
7 43 143 163
7 44 142 96
7 45 124 127
7 46 184 83
7 47 182 129
7 48 168 187
7 49 104 182
8 9 985 930
8 10 990 957
8 11 925 925
8 12 92 166
8 13 90 164
8 14 128 190
8 15 104 195
8 16 98 97
8 17 108 138
8 18 137 159
8 19 101 157
8 20 113 108
8 21 111 122
8 22 116 86
8 23 118 169
8 24 187 128
8 25 110 163
8 26 115 96
8 27 153 164
8 28 102 137
8 29 143 187
8 30 95 86
8 31 103 136
8 32 112 147
8 33 101 193
8 34 172 140
8 35 91 160
8 36 193 176
8 37 82 175
8 38 126 143
8 39 138 175
8 40 137 137
8 41 147 174
8 42 169 199
8 43 176 132
8 44 154 97
8 45 81 176
8 46 150 128
8 47 171 154
8 48 92 195
8 49 130 93
9 10 994 935
9 11 985 972
9 12 82 99
9 13 102 99
9 14 125 185
9 15 124 172
9 16 158 86
9 17 138 150
9 18 143 129
9 19 130 85
9 20 121 195
9 21 168 177
9 22 102 96
9 23 171 161
9 24 139 152
9 25 184 138
9 26 144 86
9 27 182 91
9 28 117 121
9 29 136 126
9 30 109 99
9 31 178 101
9 32 172 160
9 33 193 101
9 34 81 181
9 35 172 133
9 36 103 184
9 37 93 123
9 38 156 142
9 39 158 182
9 40 132 93
9 41 185 124
9 42 198 89
9 43 136 91
9 44 81 94
9 45 107 140
9 46 184 125
9 47 168 102
9 48 173 195
9 49 155 99
10 11 994 956
10 12 129 123
10 13 108 183
10 14 173 197
10 15 98 122
10 16 143 166
10 17 163 139
10 18 95 154
10 19 169 140
10 20 96 117
10 21 114 96
10 22 151 103
10 23 158 133
10 24 172 169
10 25 187 157
10 26 101 147
10 27 85 152
10 28 136 184
10 29 176 155
10 30 141 142
10 31 162 133
10 32 176 127
10 33 106 129
10 34 178 175
10 35 107 95
10 36 105 113
10 37 117 97
10 38 196 134
10 39 161 97
10 40 177 197
10 41 111 157
10 42 122 142
10 43 164 121
10 44 149 180
10 45 150 124
10 46 99 87
10 47 184 173
10 48 107 130
10 49 155 132
11 12 133 159
11 13 129 121
11 14 128 98
11 15 172 191
11 16 185 111
11 17 155 145
11 18 112 196
11 19 191 136
11 20 122 118
11 21 116 101
11 22 195 181
11 23 99 147
11 24 109 185
11 25 169 111
11 26 115 84
11 27 91 177
11 28 147 90
11 29 166 130
11 30 132 157
11 31 175 94
11 32 159 173
11 33 162 164
11 34 117 141
11 35 82 153
11 36 88 109
11 37 186 119
11 38 189 166
11 39 178 123
11 40 161 188
11 41 88 141
11 42 81 149
11 43 194 199
11 44 180 127
11 45 136 156
11 46 190 195
11 47 125 113
11 48 111 151
11 49 123 130
12 13 994 974
12 14 1000 973
12 15 999 950
12 16 179 160
12 17 191 195
12 18 110 155
12 19 193 115
12 20 173 158
12 21 182 100
12 22 137 107
12 23 196 150
12 24 160 107
12 25 155 87
12 26 184 144
12 27 177 131
12 28 167 181
12 29 165 177
12 30 192 83
12 31 144 164
12 32 159 189
12 33 174 131
12 34 193 183
12 35 167 140
12 36 102 198
12 37 138 153
12 38 158 184
12 39 199 100
12 40 180 115
12 41 164 199
12 42 172 163
12 43 121 104
12 44 129 154
12 45 94 129
12 46 163 152
12 47 166 136
12 48 101 141
12 49 132 85
13 14 997 948
13 15 975 984
13 16 93 90
13 17 144 121
13 18 82 96
13 19 114 135
13 20 134 185
13 21 90 186
13 22 114 159
13 23 195 164
13 24 116 116
13 25 100 159
13 26 183 91
13 27 189 173
13 28 147 180
13 29 161 184
13 30 114 167
13 31 112 83
13 32 88 114
13 33 133 135
13 34 200 83
13 35 124 170
13 36 103 158
13 37 130 144
13 38 104 142
13 39 109 109
13 40 113 125
13 41 139 174
13 42 179 154
13 43 157 115
13 44 182 148
13 45 197 171
13 46 133 157
13 47 119 146
13 48 120 146
13 49 143 151
14 15 936 932
14 16 86 150
14 17 158 167
14 18 116 141
14 19 178 182
14 20 127 143
14 21 115 139
14 22 140 155
14 23 139 112
14 24 196 142
14 25 107 112
14 26 103 142
14 27 90 86
14 28 140 126
14 29 148 93
14 30 155 109
14 31 162 162
14 32 96 188
14 33 194 122
14 34 145 154
14 35 87 157
14 36 187 115
14 37 189 124
14 38 170 129
14 39 100 102
14 40 191 151
14 41 97 156
14 42 122 120
14 43 81 148
14 44 175 196
14 45 129 162
14 46 146 127
14 47 185 136
14 48 110 148
14 49 152 161
15 16 167 156
15 17 120 128
15 18 91 154
15 19 141 118
15 20 127 199
15 21 150 168
15 22 179 154
15 23 192 102
15 24 100 124
15 25 114 103
15 26 134 137
15 27 83 165
15 28 136 83
15 29 83 154
15 30 134 90
15 31 104 147
15 32 177 192
15 33 159 172
15 34 127 193
15 35 178 189
15 36 83 187
15 37 141 150
15 38 129 107
15 39 125 188
15 40 181 179
15 41 170 156
15 42 188 172
15 43 143 156
15 44 191 85
15 45 114 184
15 46 184 199
15 47 123 143
15 48 82 140
15 49 188 161
16 17 930 943
16 18 941 944
16 19 994 978
16 20 156 87
16 21 191 116
16 22 194 170
16 23 159 98
16 24 186 135
16 25 140 101
16 26 133 144
16 27 156 179
16 28 105 169
16 29 185 124
16 30 179 195
16 31 189 167
16 32 109 134
16 33 109 112
16 34 145 130
16 35 185 200
16 36 142 187
16 37 158 89
16 38 166 100
16 39 172 181
16 40 108 193
16 41 105 161
16 42 125 163
16 43 124 98
16 44 97 81
16 45 136 118
16 46 198 194
16 47 148 150
16 48 128 101
16 49 134 121
17 18 986 974
17 19 995 989
17 20 149 115
17 21 107 115
17 22 118 167
17 23 83 98
17 24 87 195
17 25 195 156
17 26 154 124
17 27 167 98
17 28 154 129
17 29 190 176
17 30 184 196
17 31 159 103
17 32 177 144
17 33 158 158
17 34 87 91
17 35 87 167
17 36 135 125
17 37 150 81
17 38 147 145
17 39 118 167
17 40 163 99
17 41 129 175
17 42 121 174
17 43 91 91
17 44 95 188
17 45 180 81
17 46 131 121
17 47 135 102
17 48 123 101
17 49 144 103
18 19 971 929
18 20 128 140
18 21 93 153
18 22 182 100
18 23 111 113
18 24 192 164
18 25 147 117
18 26 129 123
18 27 200 126
18 28 154 103
18 29 103 151
18 30 169 126
18 31 107 103
18 32 152 118
18 33 173 103
18 34 96 95
18 35 166 176
18 36 86 118
18 37 151 81
18 38 164 150
18 39 182 144
18 40 80 111
18 41 187 111
18 42 174 199
18 43 109 115
18 44 122 186
18 45 198 182
18 46 108 121
18 47 187 170
18 48 121 140
18 49 179 155
19 20 127 194
19 21 192 187
19 22 132 139
19 23 138 167
19 24 158 98
19 25 196 178
19 26 139 117
19 27 128 134
19 28 121 156
19 29 125 140
19 30 143 127
19 31 111 107
19 32 163 112
19 33 100 142
19 34 143 115
19 35 149 192
19 36 116 138
19 37 191 100
19 38 194 107
19 39 112 167
19 40 146 196
19 41 145 80
19 42 193 107
19 43 91 199
19 44 165 189
19 45 122 197
19 46 115 139
19 47 175 197
19 48 185 120
19 49 141 145
20 21 944 989
20 22 969 975
20 23 924 968
20 24 169 131
20 25 190 127
20 26 172 112
20 27 101 130
20 28 111 171
20 29 126 169
20 30 122 184
20 31 81 172
20 32 188 139
20 33 137 134
20 34 150 107
20 35 175 114
20 36 93 113
20 37 118 82
20 38 120 180
20 39 106 192
20 40 165 192
20 41 168 122
20 42 127 118
20 43 105 154
20 44 139 109
20 45 161 148
20 46 174 133
20 47 154 197
20 48 170 127
20 49 175 173
21 22 987 996
21 23 949 988
21 24 147 81
21 25 164 144
21 26 118 162
21 27 194 106
21 28 186 121
21 29 194 148
21 30 149 176
21 31 127 196
21 32 199 98
21 33 114 108
21 34 120 123
21 35 101 146
21 36 111 171
21 37 178 166
21 38 115 107
21 39 136 176
21 40 191 142
21 41 147 111
21 42 154 143
21 43 109 182
21 44 174 86
21 45 141 92
21 46 128 139
21 47 195 116
21 48 197 100
21 49 84 91
22 23 929 959
22 24 179 157
22 25 106 199
22 26 155 130
22 27 166 170
22 28 106 83
22 29 123 84
22 30 179 132
22 31 81 99
22 32 160 144
22 33 194 164
22 34 178 94
22 35 111 112
22 36 109 154
22 37 196 114
22 38 182 155
22 39 113 162
22 40 171 171
22 41 88 144
22 42 142 162
22 43 93 145
22 44 190 144
22 45 105 177
22 46 123 87
22 47 126 92
22 48 150 200
22 49 151 80
23 24 131 144
23 25 145 120
23 26 138 185
23 27 150 130
23 28 147 166
23 29 125 137
23 30 106 139
23 31 92 129
23 32 128 99
23 33 104 130
23 34 120 136
23 35 144 158
23 36 138 89
23 37 108 190
23 38 99 191
23 39 179 129
23 40 153 158
23 41 141 157
23 42 194 135
23 43 172 108
23 44 175 163
23 45 176 94
23 46 105 91
23 47 140 150
23 48 82 193
23 49 89 185
24 25 992 959
24 26 922 984
24 27 961 946
24 28 184 183
24 29 118 85
24 30 142 130
24 31 159 188
24 32 183 178
24 33 80 169
24 34 140 143
24 35 116 128
24 36 170 181
24 37 159 113
24 38 94 145
24 39 151 81
24 40 103 117
24 41 154 82
24 42 128 113
24 43 146 110
24 44 84 125
24 45 91 190
24 46 161 148
24 47 97 133
24 48 81 102
24 49 141 193
25 26 942 955
25 27 995 925
25 28 98 134
25 29 106 193
25 30 128 162
25 31 183 100
25 32 101 185
25 33 175 200
25 34 130 83
25 35 180 87
25 36 91 122
25 37 143 162
25 38 191 114
25 39 141 125
25 40 152 129
25 41 129 90
25 42 115 151
25 43 186 192
25 44 92 165
25 45 156 156
25 46 190 137
25 47 95 95
25 48 158 99
25 49 126 128
26 27 938 957
26 28 86 121
26 29 119 143
26 30 167 179
26 31 194 82
26 32 96 193
26 33 131 179
26 34 152 180
26 35 175 143
26 36 169 127
26 37 112 140
26 38 181 163
26 39 165 174
26 40 185 151
26 41 105 101
26 42 158 88
26 43 191 90
26 44 96 173
26 45 126 129
26 46 122 107
26 47 175 101
26 48 138 86
26 49 192 92
27 28 116 91
27 29 101 106
27 30 154 171
27 31 133 146
27 32 167 119
27 33 118 150
27 34 136 125
27 35 117 147
27 36 198 103
27 37 161 120
27 38 102 117
27 39 89 168
27 40 153 172
27 41 197 164
27 42 186 109
27 43 113 117
27 44 90 126
27 45 101 144
27 46 164 109
27 47 199 102
27 48 161 146
27 49 182 180
28 29 998 953
28 30 995 942
28 31 971 997
28 32 111 197
28 33 180 133
28 34 175 175
28 35 190 142
28 36 151 113
28 37 128 166
28 38 133 108
28 39 92 192
28 40 108 164
28 41 159 105
28 42 184 152
28 43 81 97
28 44 135 115
28 45 82 140
28 46 90 91
28 47 127 127
28 48 199 119
28 49 143 93
29 30 949 958
29 31 993 948
29 32 200 90
29 33 187 124
29 34 183 182
29 35 102 153
29 36 196 172
29 37 110 103
29 38 149 147
29 39 84 104
29 40 133 139
29 41 149 154
29 42 182 145
29 43 123 136
29 44 104 153
29 45 106 162
29 46 120 99
29 47 124 188
29 48 142 141
29 49 156 83
30 31 985 984
30 32 84 118
30 33 173 196
30 34 88 89
30 35 84 143
30 36 137 144
30 37 128 83
30 38 186 168
30 39 158 80
30 40 140 174
30 41 180 89
30 42 116 172
30 43 143 185
30 44 178 156
30 45 147 101
30 46 171 107
30 47 188 94
30 48 147 131
30 49 101 184
31 32 107 149
31 33 137 155
31 34 160 166
31 35 120 178
31 36 122 180
31 37 181 113
31 38 104 166
31 39 152 164
31 40 130 84
31 41 106 84
31 42 180 104
31 43 117 121
31 44 101 144
31 45 96 95
31 46 169 150
31 47 175 101
31 48 186 123
31 49 88 85
32 33 980 962
32 34 986 964
32 35 985 981
32 36 150 151
32 37 181 133
32 38 190 85
32 39 184 93
32 40 113 187
32 41 184 108
32 42 100 155
32 43 165 153
32 44 83 156
32 45 91 179
32 46 150 176
32 47 126 121
32 48 167 182
32 49 157 174
33 34 954 969
33 35 943 978
33 36 114 171
33 37 169 199
33 38 86 183
33 39 197 122
33 40 139 124
33 41 121 161
33 42 183 125
33 43 182 186
33 44 131 140
33 45 96 200
33 46 177 159
33 47 114 130
33 48 186 196
33 49 155 174
34 35 935 926
34 36 131 127
34 37 116 141
34 38 123 80
34 39 192 91
34 40 190 127
34 41 189 149
34 42 107 173
34 43 118 108
34 44 138 145
34 45 159 194
34 46 199 174
34 47 118 139
34 48 194 176
34 49 190 200
35 36 82 101
35 37 98 112
35 38 101 154
35 39 191 113
35 40 107 122
35 41 97 96
35 42 152 125
35 43 165 117
35 44 183 86
35 45 110 147
35 46 174 167
35 47 127 97
35 48 170 197
35 49 99 87
36 37 982 977
36 38 986 985
36 39 931 985
36 40 85 98
36 41 131 95
36 42 173 188
36 43 198 194
36 44 102 126
36 45 101 146
36 46 148 175
36 47 154 185
36 48 164 159
36 49 137 144
37 38 954 922
37 39 993 991
37 40 122 128
37 41 188 156
37 42 106 146
37 43 153 91
37 44 197 149
37 45 200 185
37 46 107 161
37 47 93 102
37 48 196 97
37 49 197 141
38 39 964 930
38 40 151 186
38 41 148 175
38 42 83 162
38 43 130 168
38 44 121 199
38 45 194 86
38 46 173 138
38 47 147 103
38 48 125 175
38 49 90 123
39 40 153 108
39 41 149 131
39 42 99 172
39 43 118 161
39 44 121 157
39 45 138 89
39 46 178 127
39 47 81 146
39 48 113 161
39 49 150 163
40 41 984 992
40 42 929 920
40 43 963 995
40 44 118 108
40 45 113 145
40 46 151 141
40 47 156 111
40 48 116 97
40 49 92 122
41 42 994 933
41 43 980 931
41 44 150 171
41 45 126 140
41 46 126 126
41 47 102 174
41 48 90 186
41 49 171 101
42 43 992 921
42 44 182 128
42 45 161 80
42 46 185 82
42 47 95 137
42 48 119 147
42 49 151 83
43 44 95 135
43 45 187 194
43 46 163 89
43 47 120 85
43 48 175 178
43 49 194 186
44 45 981 934
44 46 947 920
44 47 932 974
44 48 177 156
44 49 137 178
45 46 948 943
45 47 969 973
45 48 144 122
45 49 130 187
46 47 971 936
46 48 151 160
46 49 81 121
47 48 126 151
47 49 129 197
48 49 980 962
