20
0 1 682 246
0 2 910 350
0 3 566 408
0 4 412 664
0 5 714 302
0 6 663 455
0 7 1000 86
0 8 409 612
0 9 457 595
0 10 379 465
0 11 799 440
0 12 115 790
0 13 276 651
0 14 562 604
0 15 833 324
0 16 617 514
0 17 89 721
0 18 821 276
0 19 704 422
0 20 789 275
0 21 227 676
0 22 617 448
0 23 946 41
0 24 188 665
0 25 429 584
0 26 9 840
0 27 368 602
0 28 777 308
0 29 192 806
0 30 34 919
0 31 662 445
0 32 788 378
0 33 147 717
0 34 52 815
0 35 855 371
0 36 112 720
0 37 692 251
0 38 632 281
0 39 112 877
0 40 459 498
0 41 806 224
0 42 66 938
0 43 618 485
0 44 987 89
0 45 900 284
0 46 807 166
0 47 444 485
0 48 431 512
0 49 251 684
1 2 797 409
1 3 689 515
1 4 921 301
1 5 298 556
1 6 442 631
1 7 218 668
1 8 349 688
1 9 445 650
1 10 209 669
1 11 186 737
1 12 20 706
1 13 36 894
1 14 279 619
1 15 45 863
1 16 5 732
1 17 204 818
1 18 635 420
1 19 408 670
1 20 547 320
1 21 161 617
1 22 4 845
1 23 925 157
1 24 668 529
1 25 101 723
1 26 757 271
1 27 657 391
1 28 314 749
1 29 99 738
1 30 16 911
1 31 429 620
1 32 598 434
1 33 652 388
1 34 630 391
1 35 754 209
1 36 376 639
1 37 685 325
1 38 524 407
1 39 541 422
1 40 370 710
1 41 311 549
1 42 301 780
1 43 74 748
1 44 678 354
1 45 205 718
1 46 681 273
1 47 57 932
1 48 271 775
1 49 309 773
2 3 157 846
2 4 683 329
2 5 211 780
2 6 650 452
2 7 751 239
2 8 373 586
2 9 301 584
2 10 789 409
2 11 882 319
2 12 477 393
2 13 591 507
2 14 534 457
2 15 368 621
2 16 850 311
2 17 253 684
2 18 83 705
2 19 380 733
2 20 976 228
2 21 69 699
2 22 347 630
2 23 442 601
2 24 720 401
2 25 159 807
2 26 815 370
2 27 969 103
2 28 69 895
2 29 962 115
2 30 391 676
2 31 332 473
2 32 453 536
2 33 65 945
2 34 769 238
2 35 675 424
2 36 450 668
2 37 783 236
2 38 344 658
2 39 508 625
2 40 423 573
2 41 598 327
2 42 7 832
2 43 356 587
2 44 122 795
2 45 803 329
2 46 469 660
2 47 462 543
2 48 745 226
2 49 8 989
3 4 503 367
3 5 562 530
3 6 999 92
3 7 53 682
3 8 151 829
3 9 421 471
3 10 306 727
3 11 300 754
3 12 930 162
3 13 396 442
3 14 242 564
3 15 909 154
3 16 365 486
3 17 410 492
3 18 566 344
3 19 935 233
3 20 512 425
3 21 294 678
3 22 259 737
3 23 159 613
3 24 120 710
3 25 239 670
3 26 100 734
3 27 197 744
3 28 327 550
3 29 294 622
3 30 955 126
3 31 543 443
3 32 830 342
3 33 434 584
3 34 440 456
3 35 639 514
3 36 785 209
3 37 757 372
3 38 496 485
3 39 661 515
3 40 203 723
3 41 880 312
3 42 552 394
3 43 500 497
3 44 903 256
3 45 263 754
3 46 71 804
3 47 177 721
3 48 535 561
3 49 61 943
4 5 569 449
4 6 623 553
4 7 280 775
4 8 801 349
4 9 86 893
4 10 128 854
4 11 353 719
4 12 652 339
4 13 919 206
4 14 449 570
4 15 637 424
4 16 993 50
4 17 717 423
4 18 63 675
4 19 138 884
4 20 547 476
4 21 350 524
4 22 947 149
4 23 944 238
4 24 30 882
4 25 474 466
4 26 934 280
4 27 610 374
4 28 516 441
4 29 264 649
4 30 714 326
4 31 938 307
4 32 536 328
4 33 225 698
4 34 499 588
4 35 654 498
4 36 270 693
4 37 11 886
4 38 295 590
4 39 851 154
4 40 399 437
4 41 701 298
4 42 991 9
4 43 284 535
4 44 146 765
4 45 324 473
4 46 446 394
4 47 943 294
4 48 3 767
4 49 743 420
5 6 993 177
5 7 140 611
5 8 897 230
5 9 7 882
5 10 171 779
5 11 173 724
5 12 3 774
5 13 451 535
5 14 331 705
5 15 529 400
5 16 157 621
5 17 67 928
5 18 819 305
5 19 386 483
5 20 224 780
5 21 66 758
5 22 179 690
5 23 834 380
5 24 95 757
5 25 207 614
5 26 29 945
5 27 54 763
5 28 785 169
5 29 901 348
5 30 217 663
5 31 426 525
5 32 269 797
5 33 28 810
5 34 771 310
5 35 775 170
5 36 716 325
5 37 67 950
5 38 518 401
5 39 873 363
5 40 477 416
5 41 927 200
5 42 285 581
5 43 506 625
5 44 453 455
5 45 615 334
5 46 381 566
5 47 677 323
5 48 870 189
5 49 321 720
6 7 324 746
6 8 557 378
6 9 939 241
6 10 529 573
6 11 404 435
6 12 860 112
6 13 630 461
6 14 715 422
6 15 896 282
6 16 180 757
6 17 874 219
6 18 685 378
6 19 316 649
6 20 607 335
6 21 232 562
6 22 709 467
6 23 461 672
6 24 333 757
6 25 525 535
6 26 903 327
6 27 499 521
6 28 247 547
6 29 889 186
6 30 494 565
6 31 631 453
6 32 515 436
6 33 546 606
6 34 547 575
6 35 554 514
6 36 949 192
6 37 23 748
6 38 361 697
6 39 107 748
6 40 418 578
6 41 120 631
6 42 798 262
6 43 747 371
6 44 413 533
6 45 527 510
6 46 172 602
6 47 79 677
6 48 572 369
6 49 931 179
7 8 998 28
7 9 494 385
7 10 82 911
7 11 927 329
7 12 324 605
7 13 133 730
7 14 992 173
7 15 644 500
7 16 32 886
7 17 838 170
7 18 302 674
7 19 31 851
7 20 422 605
7 21 866 205
7 22 858 314
7 23 1 950
7 24 699 224
7 25 558 555
7 26 13 873
7 27 95 798
7 28 891 333
7 29 107 652
7 30 23 874
7 31 593 514
7 32 867 132
7 33 549 550
7 34 721 458
7 35 512 456
7 36 612 332
7 37 261 774
7 38 964 274
7 39 518 464
7 40 746 418
7 41 995 260
7 42 477 638
7 43 579 434
7 44 831 381
7 45 236 723
7 46 837 265
7 47 670 349
7 48 708 376
7 49 423 614
8 9 738 193
8 10 944 98
8 11 806 228
8 12 711 301
8 13 299 597
8 14 319 747
8 15 525 571
8 16 388 609
8 17 90 824
8 18 618 376
8 19 51 703
8 20 959 89
8 21 717 231
8 22 963 51
8 23 975 193
8 24 354 465
8 25 365 562
8 26 740 361
8 27 848 279
8 28 215 795
8 29 130 722
8 30 890 218
8 31 325 678
8 32 120 808
8 33 746 250
8 34 91 639
8 35 992 220
8 36 139 695
8 37 210 629
8 38 66 717
8 39 364 565
8 40 738 479
8 41 114 734
8 42 23 900
8 43 59 946
8 44 888 291
8 45 920 189
8 46 244 803
8 47 717 364
8 48 900 294
8 49 792 175
9 10 29 886
9 11 263 665
9 12 252 755
9 13 678 340
9 14 585 447
9 15 570 337
9 16 831 371
9 17 668 334
9 18 616 477
9 19 311 670
9 20 66 925
9 21 653 369
9 22 776 406
9 23 482 570
9 24 635 314
9 25 484 619
9 26 128 782
9 27 972 135
9 28 456 674
9 29 459 405
9 30 613 510
9 31 651 519
9 32 756 220
9 33 372 739
9 34 365 656
9 35 752 463
9 36 332 735
9 37 730 327
9 38 712 321
9 39 31 802
9 40 740 269
9 41 267 801
9 42 140 619
9 43 873 170
9 44 638 391
9 45 663 494
9 46 466 395
9 47 342 749
9 48 346 665
9 49 111 721
10 11 10 718
10 12 486 558
10 13 357 715
10 14 284 658
10 15 368 496
10 16 937 167
10 17 37 790
10 18 862 335
10 19 118 904
10 20 660 474
10 21 242 578
10 22 425 585
10 23 670 312
10 24 12 878
10 25 594 580
10 26 327 687
10 27 220 613
10 28 795 365
10 29 863 333
10 30 626 394
10 31 382 694
10 32 78 878
10 33 488 522
10 34 124 888
10 35 329 595
10 36 508 585
10 37 584 519
10 38 598 509
10 39 158 704
10 40 523 350
10 41 661 477
10 42 781 172
10 43 202 794
10 44 733 433
10 45 58 690
10 46 545 592
10 47 513 628
10 48 238 594
10 49 664 264
11 12 587 476
11 13 807 393
11 14 39 836
11 15 80 677
11 16 612 359
11 17 154 710
11 18 470 544
11 19 662 377
11 20 557 377
11 21 833 343
11 22 911 329
11 23 476 444
11 24 3 733
11 25 694 261
11 26 116 789
11 27 573 494
11 28 841 227
11 29 248 775
11 30 918 152
11 31 947 320
11 32 181 617
11 33 576 434
11 34 354 582
11 35 55 690
11 36 164 850
11 37 28 845
11 38 911 157
11 39 994 12
11 40 851 241
11 41 369 726
11 42 907 127
11 43 619 509
11 44 987 200
11 45 595 468
11 46 895 122
11 47 902 180
11 48 352 686
11 49 520 608
12 13 461 555
12 14 802 332
12 15 102 759
12 16 563 458
12 17 376 468
12 18 582 495
12 19 139 654
12 20 856 372
12 21 308 611
12 22 556 550
12 23 984 117
12 24 635 541
12 25 548 343
12 26 495 380
12 27 250 609
12 28 184 846
12 29 587 312
12 30 690 242
12 31 577 523
12 32 789 199
12 33 781 354
12 34 272 806
12 35 856 336
12 36 878 185
12 37 760 363
12 38 979 37
12 39 791 324
12 40 877 360
12 41 244 719
12 42 242 633
12 43 659 275
12 44 870 159
12 45 409 613
12 46 499 485
12 47 127 641
12 48 823 217
12 49 110 920
13 14 769 250
13 15 227 727
13 16 934 56
13 17 882 142
13 18 582 444
13 19 511 420
13 20 476 383
13 21 424 529
13 22 361 546
13 23 772 372
13 24 458 460
13 25 901 276
13 26 415 508
13 27 377 549
13 28 164 593
13 29 227 632
13 30 314 485
13 31 520 503
13 32 754 399
13 33 648 327
13 34 502 446
13 35 373 670
13 36 492 404
13 37 58 720
13 38 447 629
13 39 436 581
13 40 733 309
13 41 353 716
13 42 529 396
13 43 833 252
13 44 148 880
13 45 42 693
13 46 166 878
13 47 271 665
13 48 867 378
13 49 869 271
14 15 433 464
14 16 235 782
14 17 669 441
14 18 771 423
14 19 52 922
14 20 994 47
14 21 475 585
14 22 903 168
14 23 223 615
14 24 23 786
14 25 982 273
14 26 655 352
14 27 324 563
14 28 341 726
14 29 763 236
14 30 546 421
14 31 487 489
14 32 151 782
14 33 635 406
14 34 915 356
14 35 571 587
14 36 245 747
14 37 650 542
14 38 952 48
14 39 57 745
14 40 523 533
14 41 564 439
14 42 556 423
14 43 423 588
14 44 978 42
14 45 12 983
14 46 460 418
14 47 567 545
14 48 490 429
14 49 58 920
15 16 634 540
15 17 391 432
15 18 280 701
15 19 43 896
15 20 827 262
15 21 274 656
15 22 8 860
15 23 351 581
15 24 600 425
15 25 716 253
15 26 116 761
15 27 545 549
15 28 712 464
15 29 615 485
15 30 69 760
15 31 723 220
15 32 58 948
15 33 16 874
15 34 280 682
15 35 843 153
15 36 40 963
15 37 983 81
15 38 794 307
15 39 727 456
15 40 497 534
15 41 216 701
15 42 988 10
15 43 178 586
15 44 82 682
15 45 709 459
15 46 715 327
15 47 921 229
15 48 72 890
15 49 428 553
16 17 251 669
16 18 388 709
16 19 550 430
16 20 998 22
16 21 142 746
16 22 776 317
16 23 205 654
16 24 208 671
16 25 692 358
16 26 273 652
16 27 191 758
16 28 399 702
16 29 933 96
16 30 489 613
16 31 935 126
16 32 989 255
16 33 700 245
16 34 191 573
16 35 6 729
16 36 368 445
16 37 348 484
16 38 96 818
16 39 606 398
16 40 113 664
16 41 260 665
16 42 111 922
16 43 420 600
16 44 312 650
16 45 62 699
16 46 738 242
16 47 426 570
16 48 635 503
16 49 815 358
17 18 511 577
17 19 215 790
17 20 523 557
17 21 193 808
17 22 895 272
17 23 627 377
17 24 68 713
17 25 116 684
17 26 67 762
17 27 675 433
17 28 975 99
17 29 156 881
17 30 274 644
17 31 610 312
17 32 742 433
17 33 777 200
17 34 775 264
17 35 770 365
17 36 66 750
17 37 126 796
17 38 226 692
17 39 328 614
17 40 494 386
17 41 2 800
17 42 996 292
17 43 437 677
17 44 721 230
17 45 495 363
17 46 618 526
17 47 875 98
17 48 945 202
17 49 451 682
18 19 303 746
18 20 747 206
18 21 351 626
18 22 742 414
18 23 342 656
18 24 98 765
18 25 919 257
18 26 328 628
18 27 838 309
18 28 55 801
18 29 840 205
18 30 581 333
18 31 912 281
18 32 568 401
18 33 687 351
18 34 442 455
18 35 815 225
18 36 765 418
18 37 662 514
18 38 722 405
18 39 37 821
18 40 175 724
18 41 227 708
18 42 71 767
18 43 973 24
18 44 369 510
18 45 294 535
18 46 981 75
18 47 98 927
18 48 524 372
18 49 993 29
19 20 440 461
19 21 886 327
19 22 297 712
19 23 225 566
19 24 859 343
19 25 653 327
19 26 15 958
19 27 31 776
19 28 36 738
19 29 792 361
19 30 501 418
19 31 659 250
19 32 587 497
19 33 258 755
19 34 331 503
19 35 43 935
19 36 541 416
19 37 687 330
19 38 1 807
19 39 651 321
19 40 875 134
19 41 155 751
19 42 40 941
19 43 915 261
19 44 441 429
19 45 894 153
19 46 649 489
19 47 476 599
19 48 754 359
19 49 475 660
20 21 658 504
20 22 188 649
20 23 189 793
20 24 817 392
20 25 619 453
20 26 142 706
20 27 191 595
20 28 552 340
20 29 639 516
20 30 1 993
20 31 605 428
20 32 294 532
20 33 770 332
20 34 192 651
20 35 743 224
20 36 878 199
20 37 116 685
20 38 920 81
20 39 864 114
20 40 897 121
20 41 602 481
20 42 406 496
20 43 670 439
20 44 103 708
20 45 954 95
20 46 811 203
20 47 925 239
20 48 615 441
20 49 424 699
21 22 370 563
21 23 406 637
21 24 73 919
21 25 677 506
21 26 994 212
21 27 40 889
21 28 105 835
21 29 259 785
21 30 801 357
21 31 304 606
21 32 611 531
21 33 35 884
21 34 762 251
21 35 392 538
21 36 998 84
21 37 7 944
21 38 371 471
21 39 208 680
21 40 933 307
21 41 514 505
21 42 408 513
21 43 115 882
21 44 927 191
21 45 46 894
21 46 188 866
21 47 841 292
21 48 754 419
21 49 83 735
22 23 130 815
22 24 652 419
22 25 730 435
22 26 738 242
22 27 17 911
22 28 561 411
22 29 528 566
22 30 454 638
22 31 442 607
22 32 190 575
22 33 355 671
22 34 788 204
22 35 847 262
22 36 379 545
22 37 628 378
22 38 595 372
22 39 784 269
22 40 263 652
22 41 166 792
22 42 47 926
22 43 407 505
22 44 82 712
22 45 738 228
22 46 627 280
22 47 528 428
22 48 391 484
22 49 387 502
23 24 683 257
23 25 520 478
23 26 534 487
23 27 465 601
23 28 503 564
23 29 435 625
23 30 226 713
23 31 871 232
23 32 492 647
23 33 653 526
23 34 242 773
23 35 629 404
23 36 910 326
23 37 401 524
23 38 689 242
23 39 441 494
23 40 986 179
23 41 346 598
23 42 643 502
23 43 166 861
23 44 923 138
23 45 193 855
23 46 823 148
23 47 535 524
23 48 551 362
23 49 849 326
24 25 636 409
24 26 19 894
24 27 598 561
24 28 295 518
24 29 473 640
24 30 315 695
24 31 915 130
24 32 17 875
24 33 365 550
24 34 506 642
24 35 331 491
24 36 548 477
24 37 303 515
24 38 412 475
24 39 377 620
24 40 813 311
24 41 663 360
24 42 639 305
24 43 455 533
24 44 692 228
24 45 689 418
24 46 477 472
24 47 796 416
24 48 589 389
24 49 476 400
25 26 722 288
25 27 888 96
25 28 335 479
25 29 345 643
25 30 914 109
25 31 332 716
25 32 76 758
25 33 345 613
25 34 42 929
25 35 494 355
25 36 519 346
25 37 119 723
25 38 634 325
25 39 218 602
25 40 431 641
25 41 675 498
25 42 989 192
25 43 381 712
25 44 31 883
25 45 121 750
25 46 766 180
25 47 63 803
25 48 460 487
25 49 93 847
26 27 559 519
26 28 22 838
26 29 625 295
26 30 648 428
26 31 52 842
26 32 161 786
26 33 413 697
26 34 931 85
26 35 569 349
26 36 952 154
26 37 343 665
26 38 858 249
26 39 282 770
26 40 287 611
26 41 665 390
26 42 622 340
26 43 291 735
26 44 632 490
26 45 874 178
26 46 646 344
26 47 767 265
26 48 871 252
26 49 853 340
27 28 140 693
27 29 726 350
27 30 375 553
27 31 189 776
27 32 456 446
27 33 377 645
27 34 210 649
27 35 462 496
27 36 501 360
27 37 586 495
27 38 699 241
27 39 901 112
27 40 162 600
27 41 338 713
27 42 78 842
27 43 700 213
27 44 48 706
27 45 228 595
27 46 270 542
27 47 37 688
27 48 925 335
27 49 185 825
28 29 348 673
28 30 694 473
28 31 118 711
28 32 48 908
28 33 700 293
28 34 789 255
28 35 934 119
28 36 653 507
28 37 476 614
28 38 484 465
28 39 893 234
28 40 233 701
28 41 933 328
28 42 222 550
28 43 485 637
28 44 713 450
28 45 533 581
28 46 159 723
28 47 116 888
28 48 188 588
28 49 50 882
29 30 330 617
29 31 69 938
29 32 725 475
29 33 308 758
29 34 703 390
29 35 161 593
29 36 652 475
29 37 80 699
29 38 712 226
29 39 149 888
29 40 230 759
29 41 739 483
29 42 90 724
29 43 310 646
29 44 416 674
29 45 730 449
29 46 791 443
29 47 372 615
29 48 988 257
29 49 660 494
30 31 438 640
30 32 45 827
30 33 173 684
30 34 44 916
30 35 762 231
30 36 456 415
30 37 187 775
30 38 695 272
30 39 190 853
30 40 957 87
30 41 35 867
30 42 46 949
30 43 891 270
30 44 856 310
30 45 869 187
30 46 203 640
30 47 527 399
30 48 665 510
30 49 546 493
31 32 405 600
31 33 840 200
31 34 563 375
31 35 97 655
31 36 913 120
31 37 802 293
31 38 388 501
31 39 949 147
31 40 224 642
31 41 554 340
31 42 229 783
31 43 428 691
31 44 291 562
31 45 724 258
31 46 768 349
31 47 29 837
31 48 488 519
31 49 751 468
32 33 455 474
32 34 173 689
32 35 74 899
32 36 845 324
32 37 263 583
32 38 514 350
32 39 59 791
32 40 174 808
32 41 876 300
32 42 634 527
32 43 581 294
32 44 646 350
32 45 231 720
32 46 515 480
32 47 736 399
32 48 873 268
32 49 350 743
33 34 925 315
33 35 107 901
33 36 992 151
33 37 995 46
33 38 107 841
33 39 881 280
33 40 71 675
33 41 494 561
33 42 788 221
33 43 8 778
33 44 528 499
33 45 947 276
33 46 510 642
33 47 210 585
33 48 1 744
33 49 920 177
34 35 139 638
34 36 504 524
34 37 740 314
34 38 94 900
34 39 30 781
34 40 382 485
34 41 145 606
34 42 162 777
34 43 560 343
34 44 96 766
34 45 325 568
34 46 603 514
34 47 621 503
34 48 83 708
34 49 846 132
35 36 633 265
35 37 942 96
35 38 362 518
35 39 949 103
35 40 832 241
35 41 500 395
35 42 72 657
35 43 577 387
35 44 551 330
35 45 119 768
35 46 41 814
35 47 622 418
35 48 657 299
35 49 623 518
36 37 121 622
36 38 875 321
36 39 250 537
36 40 220 666
36 41 553 384
36 42 316 615
36 43 807 423
36 44 203 638
36 45 725 251
36 46 902 213
36 47 580 389
36 48 356 666
36 49 290 517
37 38 555 332
37 39 476 657
37 40 157 833
37 41 34 881
37 42 949 254
37 43 753 382
37 44 67 749
37 45 444 541
37 46 488 542
37 47 247 645
37 48 186 620
37 49 208 656
38 39 890 371
38 40 516 392
38 41 164 587
38 42 874 139
38 43 5 699
38 44 412 638
38 45 500 550
38 46 32 942
38 47 635 333
38 48 403 460
38 49 901 114
39 40 61 830
39 41 551 434
39 42 345 481
39 43 799 319
39 44 597 474
39 45 330 636
39 46 59 876
39 47 872 261
39 48 607 359
39 49 353 543
40 41 469 373
40 42 560 508
40 43 806 257
40 44 82 749
40 45 557 528
40 46 234 783
40 47 638 455
40 48 991 196
40 49 335 554
41 42 53 666
41 43 681 380
41 44 980 250
41 45 172 756
41 46 969 136
41 47 179 702
41 48 445 551
41 49 832 255
42 43 605 281
42 44 424 678
42 45 95 663
42 46 27 892
42 47 47 836
42 48 76 718
42 49 759 171
43 44 885 303
43 45 379 731
43 46 631 301
43 47 137 708
43 48 868 388
43 49 360 507
44 45 368 480
44 46 967 61
44 47 811 137
44 48 524 412
44 49 427 606
45 46 526 379
45 47 804 220
45 48 70 887
45 49 59 860
46 47 328 720
46 48 715 421
46 49 546 439
47 48 879 139
47 49 285 593
48 49 318 641
