34
0 1 902 723
0 2 89 121
0 3 356 406
0 4 382 396
0 5 383 529
0 6 933 890
0 7 136 367
0 8 990 856
0 9 212 442
0 10 956 830
0 11 693 521
0 12 72 61
0 13 505 442
0 14 690 693
0 15 964 729
0 16 6 37
0 17 959 880
0 18 125 365
0 19 536 406
0 20 732 693
0 21 188 379
0 22 92 235
0 23 945 876
0 24 865 614
0 25 337 307
0 26 998 970
0 27 639 724
0 28 522 577
0 29 43 157
0 30 521 638
0 31 49 40
0 32 364 547
0 33 630 690
0 34 634 507
0 35 955 860
0 36 936 717
0 37 462 420
0 38 261 407
0 39 832 719
0 40 315 372
0 41 512 432
0 42 95 343
0 43 917 795
0 44 877 727
0 45 367 307
0 46 671 540
0 47 877 884
0 48 335 387
0 49 120 248
1 2 4 165
1 3 172 258
1 4 494 404
1 5 598 670
1 6 709 716
1 7 930 791
1 8 400 549
1 9 769 648
1 10 626 444
1 11 642 726
1 12 913 879
1 13 222 385
1 14 665 582
1 15 283 467
1 16 937 855
1 17 196 238
1 18 184 247
1 19 140 272
1 20 353 336
1 21 368 426
1 22 368 301
1 23 89 318
1 24 631 556
1 25 13 143
1 26 405 558
1 27 127 216
1 28 9 258
1 29 253 290
1 30 38 287
1 31 872 891
1 32 168 140
1 33 706 723
1 34 330 464
1 35 590 530
1 36 793 602
1 37 668 491
1 38 367 334
1 39 187 183
1 40 319 307
1 41 774 548
1 42 895 837
1 43 441 550
1 44 748 585
1 45 944 887
1 46 817 698
1 47 880 661
1 48 485 588
1 49 895 700
2 3 444 344
2 4 744 819
2 5 613 638
2 6 284 238
2 7 642 673
2 8 661 612
2 9 86 261
2 10 936 883
2 11 483 516
2 12 244 414
2 13 712 548
2 14 520 441
2 15 965 763
2 16 842 880
2 17 534 389
2 18 948 925
2 19 25 132
2 20 296 285
2 21 168 396
2 22 266 357
2 23 426 324
2 24 141 137
2 25 189 158
2 26 125 234
2 27 352 381
2 28 466 452
2 29 88 208
2 30 175 326
2 31 853 828
2 32 985 958
2 33 862 739
2 34 418 380
2 35 98 206
2 36 544 502
2 37 643 497
2 38 906 657
2 39 555 587
2 40 310 386
2 41 169 185
2 42 524 393
2 43 537 665
2 44 305 349
2 45 936 873
2 46 49 163
2 47 808 598
2 48 881 710
2 49 192 344
3 4 298 211
3 5 246 306
3 6 28 286
3 7 707 566
3 8 591 583
3 9 767 705
3 10 461 377
3 11 961 868
3 12 925 912
3 13 659 585
3 14 778 738
3 15 944 832
3 16 585 662
3 17 590 482
3 18 401 365
3 19 934 744
3 20 405 464
3 21 179 386
3 22 850 743
3 23 405 529
3 24 715 795
3 25 482 538
3 26 939 740
3 27 540 483
3 28 898 650
3 29 427 450
3 30 570 590
3 31 321 366
3 32 490 460
3 33 140 261
3 34 250 240
3 35 107 246
3 36 195 217
3 37 364 486
3 38 979 969
3 39 795 835
3 40 49 143
3 41 1 18
3 42 941 660
3 43 462 330
3 44 44 240
3 45 840 617
3 46 184 211
3 47 563 417
3 48 41 107
3 49 873 619
4 5 458 462
4 6 545 593
4 7 311 335
4 8 402 486
4 9 722 736
4 10 367 506
4 11 233 278
4 12 662 545
4 13 573 572
4 14 994 987
4 15 820 667
4 16 289 375
4 17 608 493
4 18 980 969
4 19 42 280
4 20 526 381
4 21 456 466
4 22 603 592
4 23 233 403
4 24 695 630
4 25 67 95
4 26 675 491
4 27 896 815
4 28 4 192
4 29 341 240
4 30 138 294
4 31 902 903
4 32 571 455
4 33 521 434
4 34 147 112
4 35 9 194
4 36 332 265
4 37 209 159
4 38 212 269
4 39 328 419
4 40 267 456
4 41 218 302
4 42 623 566
4 43 546 435
4 44 360 289
4 45 564 592
4 46 233 376
4 47 768 762
4 48 321 235
4 49 685 587
5 6 318 473
5 7 917 782
5 8 639 667
5 9 622 716
5 10 755 631
5 11 883 685
5 12 742 681
5 13 800 814
5 14 611 459
5 15 515 442
5 16 715 639
5 17 980 724
5 18 429 361
5 19 217 365
5 20 218 445
5 21 180 410
5 22 46 238
5 23 297 277
5 24 164 231
5 25 378 459
5 26 978 935
5 27 32 131
5 28 860 902
5 29 939 924
5 30 743 640
5 31 807 855
5 32 388 374
5 33 510 438
5 34 492 556
5 35 751 730
5 36 843 610
5 37 921 805
5 38 607 616
5 39 64 52
5 40 531 423
5 41 61 332
5 42 654 548
5 43 674 555
5 44 673 593
5 45 668 659
5 46 44 111
5 47 58 168
5 48 151 216
5 49 912 823
6 7 412 514
6 8 672 590
6 9 280 373
6 10 548 499
6 11 966 828
6 12 656 473
6 13 288 252
6 14 663 517
6 15 75 250
6 16 858 736
6 17 966 805
6 18 858 620
6 19 294 294
6 20 889 688
6 21 945 703
6 22 415 439
6 23 285 209
6 24 618 641
6 25 361 340
6 26 198 250
6 27 673 752
6 28 81 310
6 29 234 453
6 30 418 419
6 31 196 346
6 32 248 313
6 33 992 841
6 34 889 804
6 35 35 145
6 36 133 183
6 37 481 569
6 38 411 552
6 39 922 740
6 40 66 295
6 41 47 203
6 42 683 719
6 43 717 789
6 44 625 734
6 45 457 600
6 46 398 574
6 47 123 236
6 48 785 581
6 49 234 212
7 8 496 544
7 9 825 741
7 10 532 580
7 11 431 475
7 12 558 689
7 13 872 720
7 14 256 301
7 15 238 359
7 16 490 411
7 17 241 327
7 18 32 220
7 19 968 913
7 20 730 640
7 21 396 544
7 22 416 300
7 23 232 278
7 24 154 289
7 25 165 360
7 26 344 427
7 27 769 785
7 28 852 619
7 29 532 607
7 30 659 725
7 31 549 677
7 32 179 135
7 33 648 738
7 34 997 903
7 35 308 411
7 36 616 506
7 37 187 281
7 38 426 322
7 39 511 568
7 40 545 656
7 41 603 617
7 42 481 428
7 43 183 349
7 44 225 412
7 45 316 471
7 46 787 707
7 47 490 455
7 48 763 829
7 49 603 583
8 9 821 733
8 10 3 74
8 11 280 224
8 12 89 246
8 13 457 592
8 14 592 539
8 15 705 708
8 16 355 533
8 17 747 603
8 18 686 751
8 19 710 540
8 20 365 356
8 21 728 699
8 22 676 665
8 23 555 477
8 24 376 477
8 25 697 694
8 26 624 482
8 27 598 646
8 28 713 619
8 29 638 535
8 30 498 576
8 31 342 522
8 32 159 340
8 33 107 81
8 34 569 651
8 35 161 356
8 36 344 532
8 37 427 574
8 38 619 700
8 39 22 276
8 40 690 611
8 41 390 360
8 42 414 471
8 43 338 400
8 44 824 596
8 45 249 352
8 46 723 549
8 47 11 127
8 48 907 902
8 49 182 377
9 10 285 441
9 11 942 788
9 12 954 947
9 13 170 325
9 14 471 450
9 15 128 196
9 16 968 916
9 17 862 678
9 18 739 610
9 19 191 247
9 20 656 593
9 21 834 870
9 22 632 704
9 23 833 822
9 24 22 236
9 25 356 369
9 26 110 189
9 27 196 408
9 28 836 806
9 29 953 958
9 30 328 334
9 31 843 867
9 32 69 164
9 33 707 576
9 34 88 231
9 35 771 562
9 36 85 88
9 37 709 626
9 38 716 780
9 39 957 861
9 40 880 894
9 41 162 284
9 42 554 680
9 43 45 256
9 44 879 885
9 45 391 490
9 46 842 877
9 47 564 605
9 48 390 455
9 49 187 327
10 11 830 835
10 12 201 206
10 13 746 753
10 14 593 689
10 15 436 484
10 16 286 400
10 17 934 696
10 18 562 637
10 19 939 736
10 20 141 299
10 21 81 303
10 22 807 807
10 23 603 488
10 24 293 236
10 25 953 961
10 26 187 165
10 27 15 156
10 28 137 228
10 29 337 370
10 30 357 445
10 31 714 627
10 32 373 315
10 33 886 896
10 34 402 313
10 35 291 413
10 36 360 337
10 37 988 955
10 38 81 179
10 39 802 618
10 40 190 237
10 41 477 388
10 42 281 221
10 43 434 385
10 44 313 248
10 45 774 733
10 46 683 683
10 47 581 626
10 48 199 237
10 49 892 917
11 12 46 165
11 13 289 279
11 14 798 799
11 15 288 325
11 16 116 190
11 17 390 437
11 18 18 224
11 19 804 573
11 20 60 197
11 21 740 522
11 22 964 894
11 23 491 564
11 24 211 395
11 25 721 685
11 26 75 129
11 27 704 709
11 28 716 627
11 29 47 256
11 30 91 275
11 31 551 389
11 32 342 316
11 33 478 536
11 34 758 714
11 35 676 574
11 36 316 360
11 37 163 185
11 38 368 423
11 39 301 366
11 40 666 494
11 41 358 440
11 42 121 224
11 43 928 689
11 44 106 85
11 45 779 679
11 46 446 399
11 47 51 58
11 48 909 840
11 49 250 337
12 13 601 495
12 14 801 699
12 15 825 610
12 16 28 119
12 17 412 381
12 18 793 803
12 19 488 596
12 20 455 525
12 21 214 314
12 22 764 696
12 23 281 484
12 24 241 282
12 25 69 193
12 26 353 395
12 27 598 605
12 28 870 859
12 29 531 539
12 30 400 320
12 31 597 419
12 32 450 330
12 33 492 532
12 34 702 720
12 35 583 513
12 36 618 684
12 37 429 304
12 38 121 296
12 39 948 810
12 40 695 639
12 41 750 530
12 42 102 223
12 43 10 278
12 44 177 187
12 45 363 442
12 46 596 650
12 47 961 683
12 48 162 249
12 49 5 165
13 14 252 266
13 15 234 324
13 16 235 256
13 17 298 260
13 18 160 371
13 19 667 639
13 20 859 892
13 21 12 238
13 22 547 397
13 23 538 579
13 24 184 409
13 25 612 680
13 26 280 492
13 27 815 858
13 28 664 763
13 29 858 886
13 30 480 569
13 31 765 833
13 32 516 622
13 33 94 343
13 34 163 339
13 35 475 547
13 36 845 680
13 37 616 659
13 38 512 587
13 39 124 329
13 40 91 188
13 41 640 596
13 42 39 99
13 43 746 536
13 44 235 225
13 45 649 472
13 46 606 511
13 47 432 588
13 48 969 754
13 49 229 341
14 15 762 829
14 16 845 789
14 17 966 753
14 18 683 726
14 19 175 211
14 20 450 450
14 21 957 903
14 22 164 396
14 23 287 460
14 24 80 138
14 25 737 635
14 26 708 527
14 27 578 501
14 28 121 171
14 29 843 761
14 30 505 650
14 31 319 484
14 32 836 717
14 33 774 743
14 34 638 619
14 35 981 823
14 36 707 771
14 37 466 499
14 38 946 951
14 39 873 718
14 40 992 893
14 41 582 502
14 42 21 166
14 43 443 511
14 44 704 626
14 45 48 269
14 46 46 48
14 47 50 287
14 48 603 560
14 49 691 761
15 16 848 731
15 17 612 626
15 18 608 576
15 19 852 851
15 20 632 546
15 21 778 674
15 22 717 588
15 23 839 668
15 24 931 696
15 25 77 61
15 26 388 495
15 27 206 272
15 28 161 115
15 29 294 436
15 30 691 624
15 31 287 467
15 32 187 406
15 33 183 156
15 34 739 653
15 35 979 741
15 36 248 447
15 37 502 396
15 38 424 321
15 39 243 176
15 40 74 313
15 41 669 679
15 42 666 534
15 43 406 408
15 44 372 279
15 45 869 730
15 46 262 233
15 47 276 356
15 48 517 368
15 49 212 185
16 17 315 386
16 18 354 429
16 19 385 279
16 20 425 351
16 21 497 633
16 22 797 775
16 23 280 313
16 24 825 784
16 25 296 275
16 26 862 817
16 27 721 550
16 28 642 524
16 29 900 902
16 30 484 540
16 31 867 621
16 32 492 477
16 33 866 903
16 34 471 374
16 35 299 506
16 36 785 674
16 37 465 340
16 38 869 611
16 39 609 473
16 40 143 327
16 41 280 206
16 42 305 449
16 43 955 757
16 44 813 712
16 45 66 84
16 46 508 483
16 47 813 799
16 48 436 339
16 49 857 874
17 18 862 756
17 19 247 433
17 20 703 756
17 21 880 648
17 22 173 396
17 23 238 303
17 24 282 434
17 25 150 235
17 26 286 301
17 27 510 551
17 28 765 777
17 29 505 578
17 30 695 498
17 31 551 575
17 32 863 765
17 33 91 352
17 34 444 559
17 35 355 331
17 36 792 770
17 37 463 412
17 38 67 98
17 39 670 618
17 40 746 702
17 41 320 392
17 42 760 593
17 43 694 754
17 44 489 512
17 45 940 692
17 46 727 753
17 47 251 437
17 48 888 678
17 49 406 566
18 19 291 482
18 20 624 491
18 21 702 515
18 22 431 509
18 23 524 369
18 24 640 525
18 25 226 308
18 26 495 361
18 27 229 411
18 28 516 429
18 29 183 297
18 30 142 366
18 31 711 737
18 32 779 832
18 33 344 441
18 34 338 244
18 35 48 293
18 36 607 473
18 37 425 568
18 38 394 431
18 39 533 480
18 40 262 332
18 41 794 684
18 42 61 293
18 43 441 314
18 44 429 498
18 45 748 586
18 46 106 233
18 47 838 773
18 48 282 228
18 49 458 547
19 20 412 524
19 21 624 578
19 22 356 531
19 23 183 195
19 24 355 415
19 25 437 331
19 26 825 799
19 27 727 743
19 28 298 239
19 29 186 160
19 30 595 434
19 31 85 131
19 32 446 327
19 33 332 450
19 34 265 378
19 35 274 452
19 36 955 784
19 37 100 204
19 38 183 222
19 39 970 931
19 40 316 317
19 41 836 843
19 42 374 479
19 43 854 733
19 44 177 411
19 45 266 299
19 46 956 911
19 47 538 443
19 48 281 334
19 49 583 453
20 21 725 615
20 22 844 817
20 23 619 636
20 24 633 587
20 25 767 612
20 26 816 656
20 27 451 484
20 28 782 771
20 29 432 399
20 30 885 682
20 31 417 320
20 32 361 518
20 33 243 429
20 34 637 623
20 35 515 586
20 36 677 724
20 37 789 815
20 38 540 603
20 39 420 583
20 40 733 640
20 41 673 482
20 42 458 380
20 43 39 71
20 44 194 167
20 45 772 671
20 46 483 567
20 47 624 496
20 48 679 740
20 49 381 445
21 22 978 737
21 23 444 592
21 24 962 712
21 25 614 474
21 26 45 79
21 27 817 650
21 28 160 193
21 29 932 742
21 30 896 822
21 31 645 505
21 32 85 315
21 33 249 225
21 34 40 302
21 35 978 773
21 36 792 832
21 37 981 859
21 38 728 518
21 39 150 368
21 40 212 393
21 41 987 881
21 42 658 650
21 43 342 363
21 44 157 241
21 45 350 422
21 46 473 567
21 47 647 680
21 48 624 614
21 49 644 510
22 23 152 195
22 24 126 360
22 25 528 575
22 26 334 390
22 27 820 783
22 28 686 570
22 29 474 361
22 30 131 332
22 31 648 463
22 32 653 686
22 33 697 692
22 34 677 762
22 35 671 594
22 36 450 336
22 37 680 497
22 38 369 467
22 39 422 452
22 40 136 382
22 41 150 129
22 42 214 189
22 43 865 623
22 44 889 769
22 45 947 836
22 46 62 327
22 47 593 487
22 48 664 573
22 49 765 624
23 24 253 286
23 25 159 316
23 26 426 593
23 27 490 452
23 28 956 797
23 29 913 795
23 30 503 643
23 31 592 562
23 32 118 263
23 33 269 199
23 34 977 715
23 35 550 474
23 36 250 291
23 37 558 650
23 38 772 715
23 39 560 411
23 40 12 156
23 41 409 341
23 42 85 268
23 43 802 607
23 44 700 597
23 45 233 254
23 46 133 147
23 47 932 803
23 48 915 759
23 49 699 652
24 25 905 677
24 26 11 16
24 27 206 266
24 28 235 221
24 29 109 214
24 30 887 831
24 31 454 617
24 32 727 582
24 33 808 680
24 34 544 424
24 35 290 341
24 36 41 242
24 37 192 260
24 38 547 529
24 39 418 315
24 40 430 407
24 41 672 725
24 42 584 459
24 43 604 492
24 44 83 313
24 45 706 520
24 46 737 564
24 47 24 64
24 48 750 540
24 49 404 569
25 26 114 231
25 27 617 645
25 28 324 348
25 29 760 631
25 30 521 528
25 31 277 326
25 32 763 769
25 33 809 764
25 34 483 532
25 35 638 738
25 36 632 616
25 37 57 173
25 38 121 180
25 39 118 373
25 40 78 276
25 41 125 344
25 42 968 711
25 43 650 731
25 44 68 154
25 45 773 727
25 46 187 345
25 47 169 409
25 48 364 541
25 49 163 162
26 27 387 285
26 28 141 235
26 29 719 640
26 30 150 223
26 31 673 548
26 32 667 652
26 33 132 315
26 34 688 659
26 35 32 131
26 36 829 613
26 37 387 528
26 38 339 379
26 39 901 760
26 40 89 112
26 41 33 317
26 42 962 747
26 43 313 473
26 44 597 525
26 45 37 103
26 46 468 348
26 47 721 651
26 48 296 486
26 49 68 276
27 28 641 656
27 29 668 579
27 30 806 748
27 31 669 614
27 32 996 911
27 33 132 251
27 34 666 613
27 35 178 277
27 36 716 766
27 37 840 595
27 38 62 48
27 39 635 630
27 40 319 240
27 41 293 389
27 42 696 494
27 43 842 642
27 44 283 263
27 45 597 590
27 46 389 521
27 47 824 612
27 48 948 715
27 49 768 575
28 29 90 118
28 30 57 52
28 31 934 717
28 32 911 860
28 33 378 395
28 34 436 358
28 35 763 543
28 36 726 650
28 37 947 813
28 38 798 579
28 39 17 63
28 40 527 534
28 41 182 278
28 42 99 251
28 43 268 303
28 44 496 482
28 45 120 149
28 46 183 406
28 47 915 724
28 48 436 533
28 49 91 317
29 30 757 622
29 31 104 318
29 32 753 694
29 33 459 536
29 34 747 616
29 35 75 164
29 36 455 381
29 37 117 110
29 38 604 527
29 39 534 456
29 40 226 417
29 41 945 925
29 42 761 625
29 43 818 743
29 44 702 512
29 45 841 771
29 46 550 397
29 47 904 658
29 48 631 519
29 49 238 251
30 31 848 781
30 32 541 464
30 33 960 746
30 34 86 77
30 35 833 810
30 36 729 638
30 37 887 751
30 38 431 397
30 39 317 268
30 40 472 629
30 41 249 449
30 42 465 483
30 43 919 710
30 44 795 756
30 45 520 535
30 46 486 480
30 47 934 737
30 48 973 904
30 49 153 304
31 32 782 690
31 33 926 828
31 34 139 335
31 35 897 773
31 36 685 573
31 37 998 803
31 38 317 252
31 39 235 448
31 40 659 684
31 41 881 718
31 42 223 184
31 43 254 337
31 44 450 437
31 45 899 681
31 46 128 288
31 47 775 759
31 48 419 344
31 49 871 801
32 33 228 317
32 34 81 356
32 35 36 200
32 36 344 309
32 37 656 692
32 38 696 703
32 39 491 514
32 40 814 841
32 41 516 571
32 42 491 478
32 43 845 843
32 44 875 693
32 45 223 259
32 46 509 461
32 47 13 300
32 48 274 220
32 49 598 701
33 34 167 368
33 35 666 491
33 36 240 218
33 37 814 699
33 38 27 319
33 39 495 448
33 40 48 77
33 41 822 597
33 42 953 770
33 43 685 756
33 44 529 405
33 45 809 709
33 46 550 455
33 47 92 192
33 48 917 668
33 49 675 502
34 35 953 779
34 36 832 808
34 37 24 26
34 38 440 437
34 39 465 398
34 40 953 861
34 41 350 387
34 42 624 689
34 43 425 385
34 44 272 338
34 45 481 431
34 46 467 598
34 47 283 371
34 48 120 225
34 49 565 499
35 36 628 649
35 37 840 832
35 38 373 486
35 39 109 125
35 40 249 189
35 41 342 348
35 42 473 425
35 43 630 650
35 44 911 643
35 45 376 277
35 46 684 743
35 47 584 689
35 48 6 98
35 49 820 660
36 37 398 551
36 38 74 329
36 39 66 306
36 40 54 89
36 41 638 601
36 42 770 679
36 43 828 771
36 44 374 560
36 45 289 237
36 46 927 911
36 47 538 593
36 48 529 414
36 49 840 644
37 38 669 600
37 39 940 926
37 40 449 421
37 41 592 547
37 42 493 535
37 43 738 774
37 44 181 131
37 45 325 340
37 46 892 733
37 47 764 773
37 48 504 563
37 49 619 611
38 39 33 47
38 40 836 792
38 41 663 656
38 42 735 736
38 43 322 294
38 44 133 94
38 45 460 453
38 46 75 133
38 47 790 554
38 48 842 782
38 49 111 323
39 40 890 755
39 41 437 515
39 42 2 281
39 43 884 666
39 44 567 562
39 45 760 710
39 46 485 450
39 47 931 720
39 48 888 740
39 49 63 331
40 41 734 657
40 42 419 387
40 43 221 303
40 44 923 719
40 45 997 744
40 46 872 720
40 47 244 352
40 48 49 168
40 49 146 290
41 42 940 829
41 43 257 356
41 44 621 603
41 45 715 756
41 46 101 222
41 47 435 408
41 48 232 258
41 49 541 620
42 43 175 211
42 44 374 280
42 45 260 210
42 46 131 321
42 47 985 784
42 48 105 141
42 49 474 513
43 44 909 816
43 45 797 747
43 46 170 310
43 47 958 831
43 48 138 309
43 49 456 341
44 45 113 94
44 46 296 427
44 47 483 361
44 48 909 881
44 49 656 474
45 46 75 192
45 47 389 454
45 48 776 765
45 49 276 372
46 47 925 898
46 48 456 477
46 49 459 522
47 48 613 537
47 49 294 211
48 49 285 441
