30
0 1 799 251
0 2 449 638
0 3 549 336
0 4 994 152
0 5 269 805
0 6 409 541
0 7 123 675
0 8 661 344
0 9 700 226
0 10 734 331
0 11 697 272
0 12 615 279
0 13 941 304
0 14 537 352
0 15 856 351
0 16 210 752
0 17 468 651
0 18 702 225
0 19 778 351
0 20 786 231
0 21 605 286
0 22 366 733
0 23 216 840
0 24 670 284
0 25 668 360
0 26 455 527
0 27 801 339
0 28 69 797
0 29 879 173
0 30 343 746
0 31 498 612
0 32 224 753
0 33 659 316
0 34 127 756
0 35 908 252
0 36 346 560
0 37 12 940
0 38 333 626
0 39 29 915
0 40 449 417
0 41 691 227
0 42 963 85
0 43 629 321
0 44 553 365
0 45 202 686
0 46 669 409
0 47 338 588
0 48 806 145
0 49 438 540
0 50 925 121
0 51 700 493
0 52 179 862
0 53 476 508
0 54 901 199
0 55 310 510
0 56 530 332
0 57 429 460
0 58 261 573
0 59 208 580
0 60 43 848
0 61 811 264
0 62 616 289
0 63 62 738
0 64 733 472
0 65 72 825
0 66 377 616
0 67 87 652
0 68 157 710
0 69 520 614
0 70 257 609
0 71 313 621
0 72 541 383
0 73 28 860
0 74 489 363
0 75 47 842
0 76 451 523
0 77 757 325
0 78 364 676
0 79 768 294
0 80 957 92
0 81 463 443
0 82 897 218
0 83 28 928
0 84 674 279
0 85 263 810
0 86 629 558
0 87 337 601
0 88 609 279
0 89 121 847
0 90 199 610
0 91 30 973
0 92 151 727
0 93 524 355
0 94 247 545
0 95 169 759
0 96 35 770
0 97 708 330
0 98 675 257
0 99 812 286
1 2 482 412
1 3 1 993
1 4 353 552
1 5 864 257
1 6 973 226
1 7 750 345
1 8 734 305
1 9 238 765
1 10 702 218
1 11 121 713
1 12 335 526
1 13 123 845
1 14 114 813
1 15 668 406
1 16 245 603
1 17 570 494
1 18 225 622
1 19 105 912
1 20 116 660
1 21 604 345
1 22 48 675
1 23 983 311
1 24 327 639
1 25 79 898
1 26 331 671
1 27 434 457
1 28 208 694
1 29 864 271
1 30 472 398
1 31 87 899
1 32 95 655
1 33 414 456
1 34 557 395
1 35 395 658
1 36 769 206
1 37 472 635
1 38 735 348
1 39 28 863
1 40 489 627
1 41 818 379
1 42 337 660
1 43 560 547
1 44 809 191
1 45 952 291
1 46 789 242
1 47 459 480
1 48 11 707
1 49 472 409
1 50 525 565
1 51 62 665
1 52 834 363
1 53 248 719
1 54 279 650
1 55 207 699
1 56 56 914
1 57 371 543
1 58 672 341
1 59 510 581
1 60 19 748
1 61 265 611
1 62 340 669
1 63 637 517
1 64 201 730
1 65 958 44
1 66 846 126
1 67 906 103
1 68 560 342
1 69 936 83
1 70 205 829
1 71 22 822
1 72 497 577
1 73 489 649
1 74 796 169
1 75 972 120
1 76 304 487
1 77 782 386
1 78 615 440
1 79 500 415
1 80 521 598
1 81 225 658
1 82 780 225
1 83 713 491
1 84 128 737
1 85 700 493
1 86 609 378
1 87 13 888
1 88 525 515
1 89 997 210
1 90 640 299
1 91 234 719
1 92 495 599
1 93 269 781
1 94 480 369
1 95 739 316
1 96 8 778
1 97 833 239
1 98 594 378
1 99 836 317
2 3 359 546
2 4 943 216
2 5 227 752
2 6 617 421
2 7 461 626
2 8 335 640
2 9 425 558
2 10 25 907
2 11 463 633
2 12 133 769
2 13 811 389
2 14 931 284
2 15 976 26
2 16 366 604
2 17 481 661
2 18 532 423
2 19 465 501
2 20 122 844
2 21 504 611
2 22 745 190
2 23 304 757
2 24 514 527
2 25 263 587
2 26 618 514
2 27 571 582
2 28 572 563
2 29 632 280
2 30 288 621
2 31 85 839
2 32 125 863
2 33 621 306
2 34 64 695
2 35 208 782
2 36 511 432
2 37 565 333
2 38 784 251
2 39 676 333
2 40 587 569
2 41 348 562
2 42 323 562
2 43 285 544
2 44 660 418
2 45 416 458
2 46 35 798
2 47 954 255
2 48 556 425
2 49 469 401
2 50 907 85
2 51 378 547
2 52 400 561
2 53 231 705
2 54 827 393
2 55 519 425
2 56 625 358
2 57 542 450
2 58 442 433
2 59 197 635
2 60 176 608
2 61 534 393
2 62 468 666
2 63 755 381
2 64 220 669
2 65 764 273
2 66 31 680
2 67 794 168
2 68 13 695
2 69 485 397
2 70 963 96
2 71 430 560
2 72 45 871
2 73 610 326
2 74 322 498
2 75 302 683
2 76 651 494
2 77 31 833
2 78 323 629
2 79 190 788
2 80 281 697
2 81 638 276
2 82 583 504
2 83 155 597
2 84 721 494
2 85 75 764
2 86 697 279
2 87 923 274
2 88 972 68
2 89 79 740
2 90 694 367
2 91 246 727
2 92 857 151
2 93 43 956
2 94 341 653
2 95 680 489
2 96 656 371
2 97 659 287
2 98 334 759
2 99 961 227
3 4 176 722
3 5 338 578
3 6 492 555
3 7 947 173
3 8 0 837
3 9 761 349
3 10 760 326
3 11 520 533
3 12 696 441
3 13 96 681
3 14 1 969
3 15 149 866
3 16 240 830
3 17 131 631
3 18 372 514
3 19 635 360
3 20 64 803
3 21 738 194
3 22 349 747
3 23 57 671
3 24 139 706
3 25 672 451
3 26 121 704
3 27 627 514
3 28 974 192
3 29 13 788
3 30 670 453
3 31 564 452
3 32 802 369
3 33 989 297
3 34 183 608
3 35 113 800
3 36 187 853
3 37 634 460
3 38 210 603
3 39 471 525
3 40 45 869
3 41 746 319
3 42 314 499
3 43 783 237
3 44 911 339
3 45 398 652
3 46 344 756
3 47 351 634
3 48 373 527
3 49 850 123
3 50 234 818
3 51 180 638
3 52 447 500
3 53 784 201
3 54 945 195
3 55 667 240
3 56 833 240
3 57 499 366
3 58 140 692
3 59 714 454
3 60 818 241
3 61 274 772
3 62 756 291
3 63 438 435
3 64 454 490
3 65 276 728
3 66 283 658
3 67 509 437
3 68 534 345
3 69 777 303
3 70 480 503
3 71 482 477
3 72 562 479
3 73 714 355
3 74 101 724
3 75 2 756
3 76 824 362
3 77 442 678
3 78 883 370
3 79 470 593
3 80 407 695
3 81 894 354
3 82 809 148
3 83 996 294
3 84 396 440
3 85 304 759
3 86 652 282
3 87 745 264
3 88 281 786
3 89 176 768
3 90 93 770
3 91 323 675
3 92 909 209
3 93 467 390
3 94 365 652
3 95 690 237
3 96 116 895
3 97 143 795
3 98 694 216
3 99 316 591
4 5 482 627
4 6 336 571
4 7 363 571
4 8 323 773
4 9 215 696
4 10 570 486
4 11 197 567
4 12 945 221
4 13 885 104
4 14 648 388
4 15 897 191
4 16 377 541
4 17 613 508
4 18 236 668
4 19 534 595
4 20 260 718
4 21 671 444
4 22 336 751
4 23 625 353
4 24 804 241
4 25 729 297
4 26 38 784
4 27 897 240
4 28 35 972
4 29 147 766
4 30 248 624
4 31 953 53
4 32 463 423
4 33 977 194
4 34 753 464
4 35 181 696
4 36 654 370
4 37 829 163
4 38 122 817
4 39 77 939
4 40 486 542
4 41 438 583
4 42 185 835
4 43 979 245
4 44 810 290
4 45 510 367
4 46 758 385
4 47 672 332
4 48 653 363
4 49 750 215
4 50 504 397
4 51 637 355
4 52 704 314
4 53 318 705
4 54 757 467
4 55 870 375
4 56 447 405
4 57 572 555
4 58 368 624
4 59 651 324
4 60 780 400
4 61 840 246
4 62 440 429
4 63 350 703
4 64 674 332
4 65 941 83
4 66 973 92
4 67 83 749
4 68 674 346
4 69 623 313
4 70 607 455
4 71 548 505
4 72 509 588
4 73 44 802
4 74 432 598
4 75 527 348
4 76 455 413
4 77 914 237
4 78 947 237
4 79 504 350
4 80 262 728
4 81 986 294
4 82 309 717
4 83 635 543
4 84 880 288
4 85 881 356
4 86 353 544
4 87 701 491
4 88 994 90
4 89 178 818
4 90 752 413
4 91 161 652
4 92 205 670
4 93 756 398
4 94 961 62
4 95 931 229
4 96 165 803
4 97 350 553
4 98 50 835
4 99 857 234
5 6 880 302
5 7 667 334
5 8 690 244
5 9 544 331
5 10 965 42
5 11 112 701
5 12 14 720
5 13 959 101
5 14 631 308
5 15 490 610
5 16 76 925
5 17 368 526
5 18 842 271
5 19 865 353
5 20 991 149
5 21 553 390
5 22 448 438
5 23 772 196
5 24 325 733
5 25 151 863
5 26 982 186
5 27 413 644
5 28 315 660
5 29 633 522
5 30 31 718
5 31 654 290
5 32 981 281
5 33 889 146
5 34 263 534
5 35 837 189
5 36 184 865
5 37 932 247
5 38 849 186
5 39 122 655
5 40 98 780
5 41 857 399
5 42 436 565
5 43 765 381
5 44 728 405
5 45 585 367
5 46 590 468
5 47 320 604
5 48 612 509
5 49 893 266
5 50 572 526
5 51 371 596
5 52 551 610
5 53 881 87
5 54 89 662
5 55 71 903
5 56 61 692
5 57 245 553
5 58 533 374
5 59 717 239
5 60 906 189
5 61 87 901
5 62 298 751
5 63 276 663
5 64 745 190
5 65 212 646
5 66 805 164
5 67 585 304
5 68 308 766
5 69 662 416
5 70 26 737
5 71 262 545
5 72 952 164
5 73 126 769
5 74 787 226
5 75 247 825
5 76 993 193
5 77 851 320
5 78 256 670
5 79 369 601
5 80 310 589
5 81 609 380
5 82 195 757
5 83 460 668
5 84 508 608
5 85 579 564
5 86 959 192
5 87 307 771
5 88 597 527
5 89 886 274
5 90 64 949
5 91 587 446
5 92 249 652
5 93 60 747
5 94 210 605
5 95 561 519
5 96 521 366
5 97 471 514
5 98 880 309
5 99 509 640
6 7 480 616
6 8 800 266
6 9 75 730
6 10 586 319
6 11 793 220
6 12 764 214
6 13 643 344
6 14 333 737
6 15 586 346
6 16 988 41
6 17 379 471
6 18 292 653
6 19 493 607
6 20 286 535
6 21 891 300
6 22 357 714
6 23 686 459
6 24 985 49
6 25 208 844
6 26 84 658
6 27 723 243
6 28 314 668
6 29 538 531
6 30 309 771
6 31 504 465
6 32 682 318
6 33 583 444
6 34 466 592
6 35 625 377
6 36 376 715
6 37 93 799
6 38 692 503
6 39 706 247
6 40 467 427
6 41 0 729
6 42 185 837
6 43 940 125
6 44 66 672
6 45 118 798
6 46 22 761
6 47 980 83
6 48 398 699
6 49 838 249
6 50 111 758
6 51 451 547
6 52 565 384
6 53 596 468
6 54 42 722
6 55 277 588
6 56 357 600
6 57 601 509
6 58 301 499
6 59 490 554
6 60 834 371
6 61 423 548
6 62 294 642
6 63 215 831
6 64 462 396
6 65 542 588
6 66 286 602
6 67 48 917
6 68 186 728
6 69 20 976
6 70 340 583
6 71 45 685
6 72 522 621
6 73 637 297
6 74 399 614
6 75 516 418
6 76 505 407
6 77 510 592
6 78 434 681
6 79 109 692
6 80 209 737
6 81 221 801
6 82 647 452
6 83 661 300
6 84 869 221
6 85 472 399
6 86 63 807
6 87 204 838
6 88 764 419
6 89 859 332
6 90 192 815
6 91 142 834
6 92 761 355
6 93 295 666
6 94 599 482
6 95 85 783
6 96 579 525
6 97 529 570
6 98 201 646
6 99 62 935
7 8 368 568
7 9 597 316
7 10 257 804
7 11 696 310
7 12 176 838
7 13 793 413
7 14 959 96
7 15 6 876
7 16 91 836
7 17 285 643
7 18 754 220
7 19 809 179
7 20 400 671
7 21 3 718
7 22 96 706
7 23 965 322
7 24 892 133
7 25 336 650
7 26 563 406
7 27 752 411
7 28 957 219
7 29 278 535
7 30 991 205
7 31 914 130
7 32 396 606
7 33 595 564
7 34 76 933
7 35 37 744
7 36 976 132
7 37 293 709
7 38 885 238
7 39 824 407
7 40 809 167
7 41 129 838
7 42 567 497
7 43 183 717
7 44 2 842
7 45 943 259
7 46 320 749
7 47 52 684
7 48 757 402
7 49 266 629
7 50 139 604
7 51 285 521
7 52 342 505
7 53 240 626
7 54 675 232
7 55 779 312
7 56 203 615
7 57 579 449
7 58 159 758
7 59 122 704
7 60 760 441
7 61 449 540
7 62 728 196
7 63 908 324
7 64 403 447
7 65 421 483
7 66 517 380
7 67 109 665
7 68 831 347
7 69 729 434
7 70 532 559
7 71 563 409
7 72 749 285
7 73 124 687
7 74 993 249
7 75 299 614
7 76 817 313
7 77 891 100
7 78 22 716
7 79 233 700
7 80 956 73
7 81 597 374
7 82 915 351
7 83 240 826
7 84 94 898
7 85 149 642
7 86 143 749
7 87 347 722
7 88 494 601
7 89 257 722
7 90 433 449
7 91 680 283
7 92 897 281
7 93 996 285
7 94 972 87
7 95 987 272
7 96 615 281
7 97 431 433
7 98 459 450
7 99 374 514
8 9 310 732
8 10 878 133
8 11 940 332
8 12 503 596
8 13 852 237
8 14 968 123
8 15 341 729
8 16 638 291
8 17 936 310
8 18 275 688
8 19 320 752
8 20 778 444
8 21 411 619
8 22 785 356
8 23 775 269
8 24 547 447
8 25 92 879
8 26 450 565
8 27 94 670
8 28 867 338
8 29 627 375
8 30 746 244
8 31 671 261
8 32 763 430
8 33 444 625
8 34 789 300
8 35 226 629
8 36 765 252
8 37 721 435
8 38 887 179
8 39 76 804
8 40 141 630
8 41 464 620
8 42 857 394
8 43 167 685
8 44 792 377
8 45 710 477
8 46 67 777
8 47 348 722
8 48 389 459
8 49 321 633
8 50 161 808
8 51 219 822
8 52 192 726
8 53 69 703
8 54 75 812
8 55 215 704
8 56 224 676
8 57 564 577
8 58 680 446
8 59 220 586
8 60 920 177
8 61 4 877
8 62 184 761
8 63 532 517
8 64 178 735
8 65 530 330
8 66 181 686
8 67 620 298
8 68 861 366
8 69 509 564
8 70 220 622
8 71 256 751
8 72 349 657
8 73 739 413
8 74 177 854
8 75 84 805
8 76 706 237
8 77 19 859
8 78 833 358
8 79 711 414
8 80 399 609
8 81 19 781
8 82 1000 144
8 83 168 696
8 84 282 528
8 85 678 421
8 86 925 321
8 87 345 538
8 88 294 779
8 89 216 576
8 90 12 948
8 91 773 388
8 92 57 735
8 93 929 181
8 94 834 198
8 95 992 90
8 96 539 395
8 97 240 822
8 98 481 396
8 99 816 329
9 10 757 460
9 11 98 719
9 12 572 551
9 13 922 148
9 14 865 198
9 15 653 482
9 16 56 751
9 17 506 494
9 18 493 434
9 19 563 388
9 20 891 334
9 21 648 287
9 22 566 393
9 23 537 615
9 24 555 405
9 25 913 97
9 26 522 596
9 27 848 300
9 28 15 961
9 29 172 827
9 30 420 579
9 31 559 561
9 32 553 541
9 33 322 772
9 34 826 130
9 35 726 416
9 36 346 653
9 37 637 270
9 38 805 173
9 39 845 353
9 40 180 667
9 41 232 800
9 42 146 824
9 43 97 851
9 44 880 364
9 45 813 373
9 46 991 172
9 47 378 611
9 48 448 648
9 49 589 497
9 50 56 929
9 51 432 504
9 52 873 198
9 53 956 265
9 54 844 276
9 55 579 389
9 56 834 190
9 57 19 842
9 58 201 753
9 59 225 806
9 60 914 219
9 61 304 578
9 62 113 661
9 63 842 125
9 64 919 282
9 65 770 197
9 66 681 248
9 67 528 404
9 68 824 227
9 69 744 425
9 70 695 351
9 71 885 126
9 72 792 210
9 73 723 293
9 74 344 679
9 75 370 499
9 76 846 120
9 77 785 361
9 78 991 47
9 79 612 354
9 80 759 440
9 81 423 438
9 82 444 614
9 83 751 208
9 84 630 542
9 85 930 196
9 86 102 721
9 87 355 519
9 88 771 445
9 89 358 684
9 90 801 343
9 91 518 510
9 92 899 292
9 93 248 596
9 94 652 343
9 95 786 449
9 96 252 737
9 97 297 648
9 98 540 502
9 99 30 811
10 11 751 431
10 12 539 426
10 13 797 341
10 14 232 639
10 15 727 194
10 16 999 66
10 17 2 860
10 18 91 679
10 19 141 887
10 20 932 235
10 21 212 569
10 22 611 476
10 23 741 397
10 24 114 888
10 25 966 294
10 26 311 617
10 27 230 799
10 28 341 683
10 29 139 606
10 30 633 401
10 31 551 519
10 32 843 122
10 33 352 476
10 34 398 581
10 35 51 949
10 36 96 687
10 37 582 338
10 38 395 627
10 39 761 356
10 40 1 828
10 41 420 587
10 42 213 592
10 43 341 662
10 44 373 454
10 45 773 330
10 46 540 445
10 47 570 427
10 48 922 61
10 49 720 265
10 50 204 578
10 51 928 311
10 52 335 512
10 53 87 879
10 54 666 422
10 55 347 741
10 56 455 393
10 57 938 303
10 58 898 360
10 59 490 387
10 60 673 345
10 61 615 515
10 62 952 47
10 63 673 298
10 64 152 824
10 65 742 351
10 66 211 816
10 67 308 646
10 68 855 220
10 69 176 749
10 70 572 512
10 71 74 810
10 72 45 827
10 73 71 941
10 74 439 574
10 75 751 200
10 76 171 735
10 77 444 549
10 78 288 530
10 79 401 674
10 80 579 359
10 81 696 455
10 82 937 321
10 83 605 443
10 84 881 86
10 85 402 441
10 86 232 541
10 87 346 522
10 88 135 701
10 89 337 723
10 90 374 563
10 91 277 532
10 92 413 664
10 93 491 551
10 94 861 123
10 95 600 358
10 96 732 338
10 97 827 373
10 98 196 778
10 99 169 635
11 12 574 388
11 13 26 955
11 14 208 567
11 15 854 193
11 16 553 421
11 17 562 313
11 18 834 380
11 19 229 828
11 20 739 385
11 21 648 427
11 22 619 275
11 23 210 836
11 24 142 846
11 25 29 771
11 26 896 324
11 27 312 741
11 28 437 468
11 29 828 263
11 30 849 262
11 31 288 555
11 32 830 142
11 33 622 406
11 34 191 749
11 35 352 602
11 36 788 343
11 37 971 136
11 38 547 608
11 39 626 268
11 40 529 522
11 41 808 268
11 42 370 707
11 43 937 130
11 44 549 494
11 45 753 218
11 46 203 803
11 47 129 875
11 48 724 483
11 49 984 288
11 50 59 948
11 51 217 807
11 52 589 444
11 53 220 690
11 54 444 566
11 55 285 670
11 56 890 271
11 57 647 250
11 58 568 437
11 59 578 523
11 60 136 824
11 61 651 525
11 62 983 271
11 63 319 496
11 64 310 583
11 65 898 357
11 66 19 981
11 67 298 733
11 68 401 506
11 69 847 290
11 70 328 664
11 71 838 211
11 72 172 739
11 73 592 506
11 74 121 833
11 75 523 474
11 76 222 648
11 77 445 626
11 78 67 726
11 79 493 544
11 80 65 660
11 81 729 392
11 82 400 605
11 83 413 431
11 84 871 102
11 85 283 598
11 86 696 458
11 87 315 485
11 88 871 352
11 89 137 650
11 90 621 300
11 91 451 438
11 92 889 246
11 93 5 716
11 94 479 573
11 95 567 378
11 96 41 907
11 97 646 419
11 98 337 527
11 99 421 653
12 13 106 785
12 14 725 473
12 15 893 354
12 16 626 466
12 17 215 810
12 18 527 564
12 19 248 776
12 20 849 389
12 21 65 727
12 22 700 258
12 23 707 496
12 24 33 764
12 25 306 707
12 26 822 181
12 27 253 709
12 28 934 261
12 29 959 202
12 30 341 641
12 31 359 742
12 32 829 384
12 33 856 198
12 34 21 927
12 35 521 572
12 36 621 311
12 37 905 183
12 38 805 295
12 39 407 624
12 40 969 168
12 41 234 714
12 42 13 745
12 43 183 574
12 44 107 784
12 45 374 687
12 46 818 260
12 47 47 937
12 48 896 116
12 49 964 165
12 50 48 673
12 51 372 569
12 52 363 469
12 53 720 311
12 54 199 816
12 55 780 249
12 56 590 485
12 57 292 513
12 58 810 297
12 59 517 500
12 60 472 625
12 61 583 363
12 62 697 332
12 63 214 586
12 64 842 125
12 65 410 416
12 66 882 247
12 67 486 447
12 68 122 652
12 69 353 569
12 70 261 649
12 71 118 788
12 72 122 861
12 73 593 399
12 74 199 623
12 75 761 324
12 76 862 190
12 77 937 298
12 78 177 687
12 79 803 258
12 80 368 687
12 81 184 768
12 82 198 811
12 83 367 717
12 84 878 133
12 85 91 873
12 86 822 267
12 87 531 618
12 88 686 338
12 89 338 608
12 90 787 163
12 91 391 676
12 92 485 609
12 93 282 506
12 94 489 497
12 95 593 304
12 96 680 418
12 97 858 353
12 98 894 122
12 99 953 83
13 14 308 532
13 15 128 647
13 16 398 585
13 17 496 495
13 18 612 484
13 19 796 362
13 20 551 552
13 21 377 692
13 22 893 324
13 23 97 667
13 24 718 199
13 25 851 366
13 26 600 522
13 27 65 851
13 28 128 802
13 29 779 282
13 30 547 393
13 31 577 387
13 32 861 133
13 33 330 554
13 34 413 435
13 35 80 882
13 36 865 96
13 37 89 919
13 38 879 266
13 39 649 425
13 40 981 207
13 41 62 757
13 42 738 238
13 43 590 559
13 44 823 156
13 45 978 30
13 46 579 592
13 47 492 643
13 48 476 470
13 49 829 386
13 50 593 414
13 51 877 211
13 52 565 517
13 53 218 641
13 54 156 718
13 55 312 683
13 56 342 590
13 57 20 850
13 58 169 800
13 59 847 272
13 60 105 746
13 61 40 796
13 62 166 629
13 63 986 199
13 64 909 312
13 65 416 578
13 66 76 784
13 67 56 837
13 68 697 291
13 69 333 618
13 70 74 920
13 71 649 441
13 72 563 331
13 73 899 94
13 74 422 655
13 75 340 508
13 76 477 600
13 77 134 731
13 78 336 472
13 79 460 450
13 80 552 425
13 81 318 763
13 82 240 741
13 83 670 410
13 84 788 290
13 85 981 84
13 86 123 844
13 87 57 812
13 88 433 670
13 89 98 879
13 90 951 228
13 91 631 336
13 92 802 403
13 93 310 689
13 94 413 526
13 95 432 596
13 96 856 297
13 97 29 884
13 98 646 412
13 99 379 561
14 15 764 392
14 16 877 151
14 17 465 578
14 18 560 502
14 19 510 405
14 20 995 110
14 21 887 169
14 22 397 578
14 23 554 561
14 24 468 603
14 25 257 769
14 26 681 375
14 27 893 365
14 28 592 308
14 29 533 538
14 30 411 420
14 31 730 450
14 32 969 106
14 33 58 796
14 34 358 595
14 35 826 366
14 36 612 439
14 37 578 509
14 38 768 322
14 39 519 570
14 40 394 533
14 41 520 565
14 42 515 342
14 43 581 472
14 44 252 593
14 45 620 465
14 46 764 357
14 47 585 332
14 48 258 683
14 49 570 508
14 50 651 343
14 51 630 545
14 52 651 509
14 53 456 656
14 54 575 492
14 55 283 701
14 56 34 713
14 57 650 453
14 58 660 390
14 59 371 678
14 60 930 109
14 61 926 157
14 62 297 746
14 63 751 258
14 64 532 576
14 65 131 858
14 66 994 79
14 67 387 468
14 68 15 814
14 69 663 443
14 70 474 529
14 71 850 401
14 72 154 697
14 73 68 808
14 74 483 607
14 75 438 410
14 76 693 329
14 77 222 797
14 78 473 424
14 79 467 398
14 80 431 432
14 81 574 520
14 82 265 619
14 83 989 131
14 84 228 763
14 85 178 582
14 86 815 326
14 87 464 605
14 88 159 599
14 89 213 778
14 90 94 644
14 91 743 438
14 92 595 329
14 93 651 306
14 94 498 510
14 95 602 425
14 96 447 483
14 97 939 169
14 98 733 385
14 99 83 833
15 16 697 234
15 17 749 444
15 18 50 857
15 19 347 713
15 20 804 324
15 21 779 320
15 22 616 344
15 23 684 401
15 24 421 582
15 25 365 708
15 26 853 291
15 27 894 286
15 28 571 364
15 29 595 561
15 30 863 357
15 31 8 872
15 32 592 485
15 33 763 274
15 34 206 595
15 35 15 859
15 36 143 660
15 37 544 541
15 38 534 508
15 39 526 599
15 40 41 905
15 41 573 566
15 42 352 466
15 43 499 477
15 44 702 407
15 45 679 463
15 46 402 694
15 47 714 395
15 48 518 387
15 49 876 220
15 50 215 761
15 51 961 261
15 52 653 403
15 53 440 475
15 54 770 219
15 55 291 746
15 56 408 659
15 57 775 327
15 58 764 334
15 59 375 716
15 60 858 303
15 61 710 452
15 62 573 493
15 63 374 513
15 64 412 469
15 65 63 807
15 66 926 311
15 67 344 478
15 68 442 563
15 69 145 619
15 70 60 695
15 71 406 705
15 72 206 657
15 73 447 469
15 74 729 271
15 75 158 808
15 76 326 755
15 77 977 172
15 78 336 634
15 79 494 550
15 80 679 490
15 81 847 248
15 82 371 570
15 83 353 745
15 84 662 493
15 85 535 510
15 86 246 757
15 87 151 746
15 88 986 180
15 89 616 459
15 90 135 781
15 91 448 563
15 92 829 317
15 93 800 389
15 94 476 599
15 95 810 181
15 96 823 197
15 97 26 688
15 98 888 298
15 99 606 400
16 17 505 517
16 18 625 290
16 19 57 786
16 20 18 779
16 21 786 292
16 22 257 756
16 23 872 127
16 24 541 463
16 25 820 219
16 26 144 814
16 27 327 671
16 28 596 405
16 29 627 356
16 30 669 526
16 31 871 143
16 32 77 756
16 33 828 399
16 34 139 889
16 35 31 977
16 36 350 563
16 37 930 91
16 38 188 790
16 39 969 160
16 40 225 657
16 41 141 845
16 42 138 779
16 43 961 308
16 44 15 842
16 45 108 869
16 46 809 222
16 47 318 681
16 48 652 287
16 49 132 673
16 50 737 259
16 51 292 633
16 52 707 232
16 53 712 265
16 54 478 632
16 55 806 176
16 56 104 832
16 57 373 645
16 58 118 874
16 59 939 334
16 60 88 931
16 61 615 403
16 62 786 293
16 63 91 715
16 64 687 437
16 65 316 699
16 66 217 724
16 67 215 628
16 68 309 667
16 69 173 652
16 70 751 322
16 71 19 983
16 72 632 326
16 73 590 340
16 74 612 295
16 75 972 277
16 76 825 405
16 77 479 534
16 78 698 273
16 79 392 472
16 80 75 671
16 81 389 521
16 82 522 460
16 83 661 507
16 84 53 794
16 85 10 902
16 86 91 879
16 87 159 752
16 88 235 809
16 89 325 640
16 90 247 555
16 91 161 789
16 92 938 255
16 93 770 315
16 94 137 786
16 95 294 499
16 96 544 503
16 97 446 416
16 98 752 289
16 99 527 532
17 18 661 440
17 19 480 598
17 20 459 395
17 21 281 750
17 22 125 890
17 23 196 737
17 24 64 836
17 25 47 929
17 26 180 588
17 27 574 301
17 28 613 384
17 29 371 714
17 30 373 570
17 31 398 667
17 32 943 324
17 33 192 861
17 34 743 357
17 35 218 802
17 36 290 600
17 37 492 517
17 38 805 150
17 39 273 642
17 40 577 394
17 41 640 258
17 42 380 629
17 43 32 827
17 44 927 181
17 45 571 385
17 46 328 620
17 47 593 427
17 48 950 105
17 49 777 278
17 50 729 347
17 51 922 141
17 52 966 235
17 53 857 329
17 54 442 664
17 55 160 679
17 56 790 333
17 57 846 333
17 58 637 322
17 59 677 464
17 60 0 833
17 61 125 814
17 62 765 257
17 63 491 483
17 64 261 645
17 65 500 437
17 66 411 420
17 67 686 402
17 68 566 377
17 69 400 641
17 70 363 484
17 71 535 492
17 72 636 344
17 73 944 62
17 74 693 448
17 75 908 280
17 76 590 508
17 77 585 423
17 78 792 425
17 79 656 389
17 80 562 553
17 81 630 314
17 82 480 415
17 83 82 649
17 84 657 436
17 85 231 667
17 86 614 523
17 87 984 256
17 88 108 705
17 89 581 416
17 90 536 522
17 91 433 468
17 92 275 561
17 93 109 723
17 94 712 413
17 95 70 815
17 96 708 368
17 97 355 627
17 98 181 720
17 99 217 722
18 19 824 320
18 20 386 488
18 21 431 503
18 22 188 812
18 23 721 285
18 24 527 493
18 25 998 189
18 26 745 195
18 27 316 494
18 28 766 369
18 29 86 897
18 30 820 193
18 31 865 105
18 32 47 869
18 33 603 395
18 34 604 465
18 35 126 709
18 36 482 519
18 37 335 580
18 38 108 728
18 39 504 532
18 40 559 485
18 41 555 516
18 42 595 582
18 43 192 817
18 44 426 644
18 45 123 815
18 46 694 230
18 47 583 412
18 48 387 539
18 49 325 623
18 50 884 218
18 51 73 799
18 52 17 739
18 53 752 422
18 54 316 756
18 55 798 442
18 56 675 281
18 57 850 341
18 58 514 440
18 59 651 332
18 60 867 332
18 61 480 529
18 62 856 376
18 63 589 535
18 64 991 99
18 65 313 553
18 66 950 84
18 67 483 657
18 68 686 316
18 69 559 525
18 70 96 642
18 71 217 611
18 72 647 537
18 73 866 116
18 74 448 398
18 75 983 194
18 76 87 661
18 77 107 625
18 78 719 200
18 79 408 714
18 80 279 672
18 81 344 615
18 82 670 299
18 83 398 448
18 84 513 533
18 85 526 356
18 86 194 619
18 87 316 761
18 88 482 448
18 89 928 147
18 90 876 160
18 91 393 518
18 92 201 665
18 93 385 458
18 94 128 670
18 95 609 295
18 96 64 807
18 97 934 144
18 98 797 440
18 99 429 619
19 20 283 687
19 21 979 213
19 22 891 188
19 23 998 56
19 24 4 841
19 25 229 597
19 26 77 944
19 27 286 602
19 28 569 310
19 29 918 287
19 30 135 814
19 31 594 398
19 32 111 895
19 33 95 666
19 34 580 425
19 35 544 531
19 36 382 452
19 37 138 677
19 38 236 585
19 39 802 276
19 40 450 558
19 41 282 660
19 42 256 813
19 43 733 378
19 44 513 590
19 45 437 509
19 46 74 802
19 47 595 466
19 48 342 700
19 49 916 306
19 50 467 662
19 51 660 466
19 52 276 798
19 53 536 357
19 54 553 374
19 55 817 223
19 56 218 748
19 57 699 256
19 58 500 469
19 59 451 601
19 60 238 740
19 61 931 122
19 62 295 562
19 63 657 365
19 64 53 849
19 65 616 509
19 66 333 547
19 67 129 631
19 68 513 605
19 69 227 634
19 70 480 590
19 71 80 881
19 72 153 878
19 73 284 716
19 74 755 296
19 75 990 128
19 76 376 650
19 77 154 667
19 78 5 769
19 79 161 799
19 80 445 541
19 81 597 412
19 82 497 571
19 83 809 321
19 84 813 256
19 85 447 627
19 86 119 754
19 87 688 329
19 88 121 908
19 89 968 158
19 90 473 513
19 91 726 482
19 92 507 459
19 93 546 483
19 94 524 443
19 95 155 724
19 96 824 234
19 97 777 412
19 98 278 589
19 99 999 84
20 21 921 303
20 22 582 378
20 23 218 738
20 24 17 825
20 25 793 292
20 26 1 978
20 27 732 324
20 28 226 802
20 29 501 525
20 30 884 374
20 31 555 321
20 32 627 311
20 33 161 664
20 34 63 820
20 35 134 833
20 36 44 945
20 37 419 627
20 38 537 425
20 39 24 763
20 40 41 807
20 41 309 608
20 42 756 309
20 43 522 490
20 44 878 221
20 45 535 548
20 46 69 807
20 47 153 834
20 48 748 394
20 49 682 349
20 50 176 658
20 51 344 504
20 52 673 505
20 53 332 606
20 54 670 240
20 55 94 836
20 56 831 405
20 57 263 634
20 58 672 515
20 59 898 272
20 60 782 384
20 61 215 804
20 62 863 134
20 63 116 841
20 64 548 549
20 65 330 755
20 66 923 263
20 67 271 571
20 68 729 460
20 69 929 106
20 70 975 119
20 71 908 99
20 72 81 887
20 73 566 352
20 74 859 198
20 75 669 426
20 76 115 707
20 77 885 169
20 78 16 767
20 79 288 645
20 80 183 706
20 81 91 701
20 82 730 366
20 83 632 530
20 84 132 735
20 85 687 432
20 86 202 789
20 87 241 728
20 88 355 720
20 89 395 455
20 90 767 167
20 91 353 459
20 92 675 500
20 93 585 325
20 94 936 132
20 95 342 611
20 96 455 676
20 97 131 720
20 98 817 372
20 99 150 822
21 22 37 798
21 23 586 548
21 24 545 426
21 25 296 792
21 26 227 782
21 27 438 637
21 28 152 708
21 29 202 748
21 30 162 714
21 31 356 516
21 32 562 364
21 33 868 154
21 34 689 237
21 35 164 881
21 36 133 656
21 37 60 731
21 38 140 869
21 39 468 479
21 40 598 371
21 41 306 494
21 42 212 802
21 43 331 634
21 44 907 305
21 45 277 594
21 46 211 604
21 47 556 567
21 48 368 695
21 49 73 887
21 50 523 611
21 51 769 344
21 52 536 497
21 53 545 583
21 54 933 177
21 55 74 851
21 56 588 421
21 57 747 255
21 58 869 312
21 59 240 573
21 60 598 478
21 61 959 188
21 62 707 460
21 63 837 209
21 64 903 234
21 65 162 605
21 66 774 418
21 67 703 492
21 68 128 626
21 69 552 602
21 70 111 791
21 71 420 435
21 72 132 842
21 73 564 359
21 74 863 197
21 75 669 490
21 76 15 906
21 77 352 712
21 78 113 715
21 79 704 492
21 80 137 838
21 81 695 450
21 82 923 316
21 83 24 873
21 84 383 730
21 85 674 524
21 86 780 254
21 87 325 747
21 88 266 770
21 89 798 294
21 90 833 217
21 91 752 195
21 92 124 799
21 93 243 644
21 94 56 952
21 95 924 335
21 96 394 458
21 97 821 411
21 98 388 644
21 99 138 854
22 23 538 555
22 24 733 425
22 25 344 752
22 26 865 363
22 27 370 447
22 28 152 759
22 29 109 857
22 30 969 130
22 31 586 402
22 32 382 597
22 33 969 90
22 34 168 649
22 35 824 316
22 36 729 269
22 37 920 264
22 38 423 582
22 39 230 791
22 40 424 432
22 41 475 376
22 42 422 540
22 43 213 552
22 44 286 509
22 45 428 425
22 46 214 565
22 47 569 499
22 48 726 239
22 49 140 778
22 50 556 381
22 51 980 165
22 52 847 122
22 53 442 410
22 54 388 516
22 55 1 741
22 56 366 567
22 57 809 363
22 58 998 29
22 59 500 541
22 60 455 519
22 61 405 698
22 62 153 876
22 63 832 176
22 64 21 711
22 65 220 772
22 66 921 263
22 67 33 761
22 68 834 149
22 69 168 831
22 70 201 803
22 71 619 402
22 72 505 567
22 73 118 757
22 74 564 498
22 75 433 549
22 76 837 294
22 77 27 777
22 78 830 355
22 79 819 197
22 80 178 603
22 81 36 902
22 82 330 508
22 83 92 668
22 84 437 570
22 85 215 587
22 86 734 424
22 87 592 575
22 88 570 409
22 89 343 644
22 90 773 276
22 91 908 162
22 92 855 270
22 93 551 409
22 94 929 191
22 95 626 421
22 96 56 955
22 97 517 637
22 98 761 241
22 99 4 714
23 24 899 329
23 25 983 291
23 26 65 845
23 27 426 409
23 28 949 188
23 29 456 507
23 30 15 698
23 31 433 444
23 32 938 338
23 33 915 138
23 34 100 918
23 35 328 722
23 36 743 329
23 37 953 269
23 38 653 450
23 39 817 172
23 40 723 280
23 41 751 437
23 42 17 846
23 43 118 889
23 44 369 603
23 45 695 411
23 46 327 551
23 47 896 108
23 48 285 521
23 49 399 692
23 50 281 752
23 51 761 433
23 52 574 426
23 53 101 707
23 54 418 489
23 55 640 407
23 56 891 335
23 57 98 673
23 58 15 837
23 59 837 375
23 60 375 587
23 61 265 697
23 62 929 216
23 63 546 436
23 64 985 37
23 65 350 648
23 66 917 343
23 67 453 623
23 68 975 180
23 69 311 738
23 70 329 594
23 71 109 921
23 72 92 639
23 73 502 416
23 74 683 296
23 75 641 437
23 76 606 531
23 77 956 129
23 78 557 511
23 79 148 783
23 80 185 663
23 81 126 708
23 82 724 449
23 83 188 700
23 84 967 201
23 85 470 515
23 86 728 389
23 87 25 708
23 88 620 368
23 89 699 267
23 90 853 218
23 91 438 648
23 92 663 300
23 93 231 571
23 94 690 300
23 95 881 284
23 96 803 377
23 97 719 404
23 98 705 442
23 99 561 540
24 25 572 505
24 26 317 697
24 27 819 342
24 28 179 731
24 29 347 678
24 30 15 867
24 31 111 779
24 32 916 107
24 33 123 800
24 34 798 198
24 35 400 462
24 36 493 556
24 37 881 162
24 38 548 449
24 39 136 770
24 40 997 254
24 41 847 293
24 42 531 365
24 43 309 521
24 44 48 682
24 45 384 519
24 46 955 167
24 47 480 455
24 48 228 631
24 49 783 170
24 50 300 656
24 51 803 305
24 52 437 518
24 53 650 478
24 54 776 211
24 55 956 325
24 56 371 557
24 57 707 224
24 58 789 262
24 59 867 292
24 60 775 166
24 61 195 816
24 62 81 782
24 63 35 692
24 64 469 591
24 65 304 781
24 66 511 567
24 67 590 416
24 68 701 313
24 69 489 371
24 70 144 610
24 71 475 556
24 72 73 920
24 73 288 699
24 74 616 502
24 75 821 197
24 76 190 703
24 77 944 87
24 78 794 310
24 79 664 499
24 80 266 645
24 81 764 337
24 82 870 205
24 83 817 361
24 84 402 576
24 85 263 703
24 86 925 188
24 87 519 553
24 88 263 766
24 89 591 298
24 90 310 662
24 91 580 333
24 92 138 737
24 93 711 229
24 94 404 555
24 95 347 756
24 96 87 882
24 97 857 290
24 98 517 630
24 99 902 312
25 26 73 757
25 27 617 271
25 28 616 464
25 29 646 521
25 30 292 775
25 31 855 128
25 32 39 686
25 33 936 264
25 34 622 479
25 35 455 630
25 36 901 294
25 37 516 352
25 38 241 609
25 39 153 654
25 40 705 476
25 41 500 645
25 42 230 598
25 43 647 349
25 44 78 742
25 45 886 109
25 46 373 653
25 47 732 360
25 48 332 538
25 49 330 757
25 50 97 663
25 51 787 342
25 52 603 469
25 53 440 528
25 54 722 359
25 55 798 260
25 56 767 284
25 57 213 769
25 58 542 457
25 59 393 659
25 60 964 223
25 61 206 630
25 62 54 698
25 63 480 519
25 64 623 369
25 65 694 466
25 66 12 804
25 67 5 852
25 68 310 620
25 69 596 297
25 70 33 885
25 71 67 750
25 72 40 738
25 73 40 677
25 74 700 394
25 75 25 684
25 76 168 753
25 77 504 503
25 78 908 327
25 79 199 818
25 80 497 361
25 81 807 313
25 82 131 881
25 83 234 659
25 84 69 739
25 85 168 785
25 86 552 415
25 87 12 715
25 88 693 226
25 89 795 204
25 90 364 688
25 91 960 214
25 92 590 357
25 93 568 428
25 94 925 208
25 95 966 309
25 96 285 600
25 97 496 471
25 98 373 468
25 99 515 429
26 27 448 637
26 28 313 597
26 29 349 585
26 30 458 490
26 31 230 629
26 32 415 638
26 33 808 198
26 34 557 343
26 35 769 347
26 36 619 330
26 37 467 373
26 38 631 318
26 39 921 277
26 40 846 284
26 41 447 409
26 42 818 169
26 43 58 666
26 44 163 837
26 45 373 679
26 46 925 250
26 47 941 318
26 48 585 413
26 49 820 128
26 50 371 612
26 51 466 597
26 52 16 954
26 53 838 373
26 54 316 549
26 55 85 824
26 56 140 674
26 57 569 344
26 58 845 328
26 59 509 568
26 60 37 811
26 61 872 105
26 62 791 441
26 63 958 324
26 64 36 744
26 65 141 814
26 66 303 578
26 67 105 651
26 68 11 830
26 69 751 264
26 70 865 324
26 71 53 726
26 72 740 319
26 73 454 646
26 74 556 574
26 75 29 684
26 76 736 366
26 77 728 401
26 78 20 932
26 79 910 182
26 80 159 789
26 81 444 597
26 82 558 381
26 83 344 643
26 84 36 960
26 85 721 292
26 86 558 391
26 87 795 402
26 88 426 653
26 89 491 420
26 90 372 734
26 91 562 542
26 92 660 311
26 93 605 512
26 94 354 669
26 95 942 311
26 96 658 473
26 97 212 581
26 98 47 910
26 99 478 384
27 28 498 370
27 29 968 47
27 30 55 765
27 31 486 412
27 32 754 462
27 33 974 255
27 34 336 753
27 35 94 841
27 36 940 308
27 37 54 859
27 38 850 247
27 39 66 790
27 40 984 255
27 41 356 571
27 42 191 823
27 43 897 84
27 44 453 606
27 45 78 888
27 46 294 700
27 47 210 582
27 48 58 784
27 49 863 111
27 50 545 386
27 51 254 714
27 52 530 554
27 53 663 472
27 54 368 643
27 55 148 756
27 56 986 116
27 57 906 142
27 58 43 686
27 59 565 358
27 60 273 601
27 61 597 410
27 62 378 591
27 63 396 598
27 64 807 427
27 65 756 395
27 66 702 298
27 67 855 133
27 68 358 469
27 69 444 465
27 70 730 390
27 71 174 811
27 72 717 462
27 73 905 173
27 74 717 454
27 75 28 960
27 76 128 692
27 77 776 243
27 78 672 249
27 79 619 493
27 80 429 586
27 81 926 79
27 82 699 357
27 83 964 310
27 84 628 473
27 85 44 776
27 86 901 280
27 87 344 720
27 88 290 526
27 89 773 353
27 90 624 458
27 91 106 686
27 92 134 881
27 93 10 874
27 94 71 812
27 95 818 316
27 96 373 440
27 97 104 881
27 98 456 553
27 99 319 539
28 29 256 727
28 30 689 474
28 31 425 496
28 32 916 279
28 33 697 305
28 34 971 208
28 35 201 759
28 36 422 636
28 37 585 369
28 38 747 440
28 39 85 845
28 40 832 415
28 41 868 374
28 42 521 396
28 43 550 539
28 44 79 800
28 45 521 429
28 46 602 567
28 47 769 377
28 48 237 679
28 49 625 290
28 50 276 705
28 51 878 309
28 52 31 876
28 53 254 560
28 54 643 533
28 55 957 175
28 56 871 206
28 57 75 718
28 58 191 578
28 59 229 810
28 60 463 445
28 61 52 856
28 62 51 747
28 63 757 419
28 64 931 141
28 65 648 251
28 66 327 552
28 67 72 844
28 68 261 586
28 69 743 455
28 70 568 535
28 71 107 654
28 72 135 616
28 73 473 647
28 74 785 317
28 75 607 335
28 76 260 659
28 77 471 370
28 78 287 501
28 79 64 784
28 80 405 700
28 81 904 147
28 82 787 197
28 83 447 522
28 84 893 303
28 85 258 586
28 86 354 720
28 87 700 450
28 88 681 417
28 89 436 401
28 90 306 755
28 91 683 507
28 92 252 707
28 93 399 715
28 94 366 605
28 95 303 516
28 96 852 395
28 97 431 477
28 98 1 994
28 99 75 747
29 30 556 437
29 31 354 550
29 32 803 150
29 33 255 804
29 34 166 584
29 35 138 635
29 36 962 94
29 37 815 231
29 38 776 259
29 39 783 166
29 40 446 672
29 41 802 419
29 42 419 465
29 43 481 635
29 44 787 304
29 45 515 492
29 46 552 490
29 47 959 265
29 48 657 420
29 49 402 470
29 50 347 684
29 51 425 694
29 52 5 771
29 53 252 790
29 54 701 234
29 55 565 342
29 56 224 735
29 57 76 660
29 58 246 758
29 59 39 732
29 60 713 458
29 61 560 379
29 62 723 415
29 63 558 449
29 64 604 433
29 65 508 554
29 66 591 474
29 67 900 343
29 68 791 444
29 69 471 553
29 70 246 541
29 71 646 398
29 72 952 121
29 73 496 361
29 74 812 371
29 75 847 291
29 76 617 510
29 77 641 320
29 78 839 278
29 79 589 524
29 80 604 488
29 81 801 259
29 82 84 749
29 83 687 230
29 84 646 300
29 85 616 345
29 86 877 153
29 87 476 640
29 88 430 649
29 89 438 515
29 90 498 561
29 91 52 911
29 92 364 663
29 93 680 420
29 94 807 182
29 95 815 396
29 96 554 457
29 97 33 940
29 98 237 695
29 99 322 562
30 31 309 535
30 32 766 395
30 33 897 217
30 34 49 757
30 35 587 293
30 36 469 627
30 37 152 625
30 38 772 326
30 39 419 459
30 40 25 907
30 41 669 388
30 42 186 570
30 43 964 153
30 44 135 869
30 45 194 831
30 46 734 234
30 47 770 335
30 48 252 816
30 49 955 41
30 50 825 356
30 51 154 607
30 52 396 672
30 53 318 732
30 54 45 670
30 55 459 393
30 56 959 72
30 57 127 803
30 58 487 600
30 59 855 313
30 60 23 772
30 61 326 497
30 62 646 466
30 63 577 332
30 64 429 585
30 65 401 610
30 66 596 387
30 67 618 357
30 68 390 650
30 69 858 168
30 70 424 502
30 71 507 407
30 72 52 866
30 73 830 362
30 74 707 380
30 75 784 232
30 76 426 536
30 77 429 578
30 78 518 516
30 79 941 248
30 80 354 628
30 81 405 498
30 82 680 522
30 83 466 480
30 84 486 473
30 85 819 171
30 86 422 539
30 87 99 749
30 88 365 718
30 89 53 912
30 90 132 648
30 91 587 332
30 92 448 458
30 93 579 485
30 94 997 6
30 95 662 280
30 96 130 850
30 97 607 425
30 98 366 668
30 99 579 556
31 32 919 161
31 33 546 569
31 34 369 552
31 35 573 532
31 36 449 607
31 37 640 478
31 38 918 294
31 39 850 205
31 40 9 931
31 41 318 730
31 42 272 707
31 43 473 484
31 44 910 135
31 45 583 430
31 46 919 140
31 47 27 704
31 48 135 736
31 49 597 354
31 50 955 84
31 51 610 287
31 52 129 774
31 53 326 473
31 54 721 418
31 55 577 556
31 56 478 580
31 57 382 494
31 58 401 443
31 59 871 121
31 60 773 259
31 61 277 570
31 62 252 728
31 63 652 321
31 64 241 772
31 65 723 304
31 66 192 626
31 67 997 24
31 68 290 791
31 69 46 713
31 70 412 487
31 71 764 168
31 72 593 495
31 73 994 36
31 74 774 257
31 75 590 532
31 76 758 282
31 77 777 398
31 78 835 252
31 79 143 717
31 80 424 567
31 81 967 200
31 82 683 299
31 83 755 280
31 84 745 228
31 85 759 411
31 86 357 481
31 87 570 586
31 88 665 269
31 89 350 748
31 90 826 308
31 91 923 334
31 92 724 479
31 93 173 611
31 94 662 374
31 95 499 492
31 96 217 594
31 97 25 874
31 98 676 327
31 99 521 409
32 33 887 256
32 34 121 708
32 35 520 619
32 36 664 255
32 37 225 832
32 38 288 717
32 39 517 486
32 40 119 794
32 41 750 414
32 42 32 731
32 43 705 501
32 44 318 556
32 45 315 686
32 46 352 571
32 47 221 730
32 48 594 465
32 49 706 321
32 50 682 516
32 51 503 359
32 52 496 624
32 53 898 190
32 54 872 276
32 55 123 796
32 56 688 492
32 57 81 915
32 58 91 824
32 59 18 859
32 60 437 471
32 61 561 544
32 62 512 571
32 63 578 353
32 64 347 489
32 65 164 611
32 66 650 345
32 67 954 89
32 68 842 303
32 69 589 494
32 70 318 699
32 71 648 249
32 72 935 156
32 73 168 874
32 74 25 905
32 75 732 409
32 76 637 456
32 77 547 346
32 78 251 693
32 79 836 178
32 80 510 471
32 81 256 526
32 82 492 481
32 83 145 697
32 84 768 183
32 85 372 543
32 86 420 671
32 87 762 373
32 88 509 484
32 89 965 86
32 90 576 303
32 91 332 625
32 92 997 16
32 93 834 282
32 94 650 412
32 95 62 772
32 96 319 696
32 97 424 700
32 98 112 724
32 99 471 517
33 34 157 856
33 35 90 721
33 36 167 697
33 37 667 440
33 38 153 804
33 39 642 475
33 40 739 192
33 41 349 741
33 42 849 286
33 43 947 99
33 44 452 452
33 45 754 446
33 46 353 545
33 47 516 537
33 48 242 760
33 49 117 740
33 50 136 715
33 51 844 133
33 52 453 424
33 53 283 608
33 54 702 273
33 55 471 658
33 56 604 533
33 57 664 368
33 58 220 842
33 59 285 713
33 60 372 594
33 61 745 262
33 62 186 750
33 63 287 650
33 64 531 548
33 65 145 817
33 66 688 343
33 67 857 329
33 68 80 726
33 69 167 858
33 70 613 443
33 71 258 678
33 72 386 533
33 73 70 683
33 74 656 512
33 75 986 176
33 76 129 797
33 77 34 963
33 78 872 286
33 79 183 763
33 80 416 507
33 81 814 357
33 82 685 285
33 83 941 46
33 84 249 566
33 85 105 634
33 86 878 275
33 87 268 554
33 88 507 637
33 89 667 242
33 90 103 753
33 91 554 450
33 92 899 322
33 93 990 192
33 94 589 540
33 95 416 546
33 96 729 415
33 97 153 801
33 98 158 822
33 99 739 458
34 35 993 221
34 36 97 755
34 37 226 609
34 38 167 651
34 39 819 258
34 40 77 690
34 41 689 358
34 42 141 707
34 43 342 720
34 44 206 767
34 45 146 708
34 46 143 676
34 47 443 414
34 48 170 611
34 49 767 345
34 50 359 522
34 51 274 630
34 52 869 313
34 53 218 799
34 54 669 275
34 55 230 588
34 56 941 106
34 57 709 348
34 58 684 406
34 59 484 541
34 60 267 669
34 61 447 526
34 62 623 352
34 63 134 779
34 64 881 189
34 65 575 527
34 66 287 703
34 67 876 359
34 68 843 310
34 69 351 585
34 70 790 269
34 71 124 747
34 72 795 386
34 73 924 140
34 74 613 478
34 75 589 293
34 76 572 350
34 77 196 760
34 78 237 723
34 79 773 217
34 80 245 606
34 81 345 700
34 82 370 560
34 83 622 487
34 84 639 484
34 85 158 867
34 86 280 791
34 87 677 374
34 88 391 598
34 89 144 662
34 90 684 286
34 91 773 285
34 92 152 812
34 93 575 491
34 94 108 896
34 95 282 776
34 96 545 415
34 97 576 364
34 98 42 728
34 99 44 734
35 36 117 900
35 37 199 655
35 38 656 418
35 39 573 506
35 40 79 767
35 41 514 515
35 42 769 175
35 43 175 645
35 44 883 115
35 45 635 461
35 46 214 651
35 47 819 250
35 48 146 604
35 49 280 542
35 50 8 745
35 51 858 222
35 52 882 191
35 53 530 594
35 54 678 233
35 55 118 828
35 56 451 528
35 57 958 319
35 58 776 321
35 59 689 228
35 60 566 311
35 61 701 318
35 62 670 421
35 63 761 229
35 64 242 652
35 65 15 766
35 66 73 909
35 67 78 795
35 68 406 688
35 69 804 418
35 70 443 415
35 71 169 723
35 72 729 375
35 73 175 672
35 74 311 725
35 75 583 502
35 76 365 731
35 77 750 404
35 78 583 327
35 79 27 806
35 80 880 330
35 81 232 605
35 82 249 810
35 83 788 196
35 84 709 460
35 85 636 456
35 86 192 651
35 87 929 84
35 88 133 870
35 89 740 374
35 90 636 355
35 91 666 352
35 92 389 636
35 93 554 477
35 94 477 567
35 95 202 756
35 96 467 556
35 97 952 157
35 98 574 586
35 99 866 364
36 37 123 886
36 38 742 188
36 39 854 300
36 40 548 579
36 41 305 651
36 42 307 602
36 43 8 929
36 44 963 169
36 45 437 667
36 46 35 926
36 47 582 327
36 48 809 344
36 49 617 458
36 50 327 609
36 51 135 623
36 52 157 665
36 53 864 363
36 54 871 389
36 55 950 161
36 56 994 41
36 57 814 149
36 58 788 305
36 59 643 336
36 60 913 314
36 61 362 658
36 62 65 800
36 63 490 427
36 64 16 738
36 65 579 558
36 66 184 809
36 67 290 587
36 68 842 182
36 69 106 639
36 70 804 198
36 71 555 335
36 72 476 538
36 73 377 712
36 74 746 411
36 75 760 421
36 76 238 646
36 77 416 435
36 78 390 597
36 79 971 54
36 80 270 809
36 81 543 446
36 82 376 540
36 83 20 699
36 84 668 424
36 85 467 409
36 86 891 331
36 87 347 663
36 88 411 560
36 89 447 663
36 90 883 366
36 91 990 19
36 92 964 188
36 93 730 219
36 94 875 153
36 95 646 283
36 96 204 671
36 97 368 559
36 98 601 380
36 99 416 699
37 38 427 639
37 39 301 493
37 40 327 524
37 41 997 232
37 42 261 663
37 43 464 628
37 44 579 385
37 45 487 466
37 46 700 396
37 47 584 365
37 48 383 675
37 49 140 651
37 50 237 619
37 51 507 644
37 52 369 451
37 53 428 562
37 54 734 462
37 55 834 187
37 56 473 623
37 57 911 283
37 58 460 454
37 59 809 175
37 60 878 127
37 61 390 450
37 62 106 904
37 63 584 342
37 64 939 263
37 65 993 251
37 66 123 903
37 67 144 791
37 68 806 417
37 69 939 332
37 70 324 755
37 71 317 523
37 72 23 904
37 73 451 465
37 74 840 350
37 75 782 386
37 76 970 319
37 77 188 757
37 78 306 601
37 79 196 710
37 80 23 793
37 81 513 466
37 82 512 634
37 83 268 694
37 84 831 336
37 85 526 571
37 86 339 549
37 87 644 380
37 88 769 268
37 89 698 358
37 90 582 505
37 91 498 411
37 92 923 339
37 93 109 802
37 94 56 817
37 95 745 277
37 96 978 65
37 97 833 385
37 98 235 637
37 99 671 442
38 39 19 849
38 40 877 377
38 41 243 656
38 42 63 804
38 43 964 318
38 44 672 262
38 45 811 209
38 46 543 395
38 47 908 229
38 48 27 807
38 49 128 623
38 50 95 873
38 51 786 170
38 52 819 239
38 53 197 811
38 54 335 750
38 55 189 737
38 56 49 955
38 57 931 239
38 58 891 100
38 59 709 399
38 60 386 575
38 61 950 98
38 62 434 399
38 63 511 466
38 64 945 207
38 65 122 749
38 66 418 509
38 67 977 74
38 68 819 218
38 69 235 686
38 70 92 904
38 71 813 244
38 72 542 613
38 73 543 573
38 74 280 614
38 75 953 327
38 76 758 394
38 77 212 785
38 78 939 184
38 79 740 365
38 80 845 358
38 81 865 179
38 82 980 201
38 83 92 893
38 84 846 187
38 85 106 737
38 86 360 469
38 87 664 453
38 88 15 781
38 89 212 815
38 90 32 748
38 91 7 864
38 92 45 787
38 93 852 308
38 94 40 959
38 95 496 645
38 96 759 276
38 97 545 526
38 98 306 517
38 99 803 351
39 40 301 777
39 41 699 217
39 42 768 378
39 43 301 671
39 44 560 368
39 45 171 780
39 46 19 709
39 47 121 903
39 48 621 516
39 49 179 854
39 50 274 571
39 51 724 408
39 52 266 809
39 53 249 596
39 54 825 183
39 55 886 198
39 56 281 581
39 57 873 242
39 58 304 512
39 59 167 674
39 60 192 761
39 61 119 622
39 62 192 817
39 63 213 801
39 64 960 58
39 65 907 119
39 66 649 340
39 67 522 504
39 68 924 217
39 69 77 905
39 70 407 710
39 71 441 665
39 72 696 350
39 73 255 786
39 74 319 723
39 75 102 652
39 76 398 619
39 77 268 644
39 78 516 528
39 79 137 649
39 80 79 876
39 81 832 206
39 82 402 471
39 83 255 627
39 84 21 890
39 85 329 757
39 86 381 450
39 87 414 524
39 88 146 872
39 89 73 683
39 90 763 420
39 91 946 83
39 92 462 641
39 93 67 837
39 94 284 639
39 95 959 294
39 96 850 279
39 97 498 622
39 98 943 59
39 99 201 595
40 41 185 698
40 42 168 755
40 43 643 312
40 44 787 338
40 45 156 712
40 46 411 503
40 47 105 709
40 48 751 379
40 49 999 255
40 50 113 917
40 51 554 400
40 52 71 696
40 53 184 854
40 54 135 847
40 55 639 360
40 56 500 631
40 57 630 508
40 58 776 273
40 59 305 730
40 60 7 988
40 61 72 847
40 62 384 678
40 63 349 658
40 64 765 227
40 65 850 124
40 66 995 68
40 67 329 527
40 68 668 419
40 69 884 102
40 70 947 262
40 71 62 767
40 72 997 90
40 73 426 500
40 74 766 392
40 75 476 407
40 76 450 491
40 77 264 771
40 78 339 509
40 79 118 728
40 80 515 392
40 81 631 391
40 82 444 522
40 83 528 578
40 84 224 643
40 85 197 601
40 86 156 702
40 87 115 672
40 88 697 215
40 89 872 258
40 90 940 259
40 91 738 367
40 92 434 628
40 93 384 445
40 94 430 632
40 95 206 658
40 96 239 704
40 97 981 181
40 98 779 246
40 99 471 593
41 42 30 927
41 43 728 287
41 44 534 570
41 45 91 666
41 46 693 283
41 47 509 562
41 48 411 693
41 49 768 214
41 50 373 584
41 51 334 749
41 52 641 448
41 53 535 327
41 54 222 745
41 55 590 576
41 56 88 874
41 57 908 164
41 58 432 476
41 59 31 716
41 60 595 449
41 61 432 482
41 62 639 504
41 63 775 409
41 64 406 701
41 65 317 590
41 66 243 692
41 67 529 516
41 68 2 956
41 69 841 134
41 70 34 926
41 71 600 410
41 72 827 352
41 73 33 976
41 74 978 89
41 75 145 630
41 76 681 504
41 77 505 374
41 78 469 590
41 79 333 616
41 80 829 326
41 81 484 367
41 82 243 602
41 83 627 466
41 84 430 532
41 85 130 626
41 86 800 244
41 87 851 245
41 88 264 697
41 89 989 146
41 90 728 274
41 91 623 549
41 92 47 786
41 93 136 856
41 94 689 402
41 95 644 487
41 96 331 482
41 97 184 583
41 98 526 565
41 99 44 966
42 43 996 12
42 44 516 357
42 45 989 12
42 46 687 246
42 47 485 629
42 48 20 935
42 49 279 795
42 50 147 739
42 51 627 334
42 52 347 523
42 53 722 287
42 54 97 678
42 55 466 575
42 56 340 638
42 57 958 273
42 58 893 97
42 59 308 497
42 60 220 605
42 61 470 664
42 62 934 202
42 63 44 784
42 64 809 313
42 65 22 756
42 66 584 410
42 67 167 628
42 68 967 110
42 69 931 239
42 70 301 635
42 71 479 498
42 72 304 784
42 73 46 927
42 74 225 543
42 75 348 519
42 76 796 181
42 77 123 794
42 78 465 565
42 79 931 90
42 80 672 358
42 81 4 941
42 82 134 767
42 83 648 470
42 84 378 671
42 85 350 749
42 86 849 373
42 87 968 253
42 88 311 662
42 89 95 636
42 90 367 644
42 91 573 368
42 92 394 721
42 93 419 447
42 94 455 627
42 95 851 365
42 96 723 483
42 97 243 696
42 98 893 277
42 99 398 487
43 44 199 595
43 45 921 185
43 46 458 561
43 47 711 275
43 48 711 413
43 49 890 92
43 50 528 420
43 51 84 922
43 52 6 926
43 53 261 519
43 54 30 732
43 55 541 349
43 56 36 708
43 57 159 768
43 58 194 856
43 59 104 848
43 60 164 663
43 61 586 540
43 62 399 421
43 63 642 321
43 64 123 715
43 65 221 673
43 66 320 603
43 67 657 339
43 68 321 750
43 69 605 304
43 70 214 808
43 71 618 393
43 72 363 665
43 73 783 170
43 74 857 242
43 75 753 463
43 76 93 696
43 77 108 804
43 78 219 832
43 79 333 510
43 80 971 245
43 81 843 165
43 82 389 638
43 83 807 189
43 84 469 409
43 85 919 123
43 86 941 287
43 87 791 295
43 88 371 637
43 89 649 296
43 90 853 238
43 91 524 417
43 92 62 880
43 93 515 409
43 94 756 290
43 95 49 947
43 96 539 535
43 97 34 697
43 98 264 554
43 99 14 951
44 45 705 284
44 46 720 317
44 47 51 778
44 48 698 501
44 49 473 648
44 50 449 586
44 51 126 891
44 52 73 949
44 53 464 414
44 54 583 327
44 55 985 56
44 56 46 878
44 57 961 277
44 58 944 104
44 59 302 623
44 60 64 822
44 61 255 663
44 62 437 691
44 63 748 311
44 64 176 687
44 65 927 115
44 66 535 611
44 67 246 574
44 68 625 361
44 69 638 386
44 70 954 113
44 71 644 472
44 72 979 123
44 73 383 582
44 74 886 380
44 75 56 753
44 76 361 716
44 77 660 351
44 78 343 719
44 79 176 795
44 80 231 698
44 81 275 684
44 82 57 717
44 83 715 368
44 84 824 211
44 85 263 691
44 86 571 567
44 87 504 597
44 88 398 433
44 89 939 46
44 90 793 392
44 91 336 549
44 92 901 198
44 93 256 616
44 94 422 658
44 95 586 519
44 96 170 774
44 97 239 647
44 98 885 126
44 99 137 674
45 46 118 745
45 47 598 289
45 48 553 413
45 49 923 329
45 50 193 847
45 51 536 567
45 52 317 639
45 53 37 847
45 54 173 833
45 55 242 656
45 56 983 52
45 57 797 259
45 58 129 636
45 59 31 816
45 60 563 493
45 61 353 668
45 62 69 667
45 63 174 600
45 64 294 496
45 65 885 240
45 66 225 736
45 67 166 820
45 68 201 796
45 69 981 161
45 70 151 703
45 71 572 432
45 72 333 628
45 73 979 80
45 74 121 878
45 75 184 777
45 76 954 197
45 77 461 600
45 78 276 563
45 79 939 262
45 80 478 569
45 81 868 327
45 82 758 253
45 83 478 563
45 84 423 602
45 85 647 524
45 86 573 381
45 87 171 708
45 88 32 754
45 89 310 496
45 90 525 374
45 91 743 401
45 92 729 413
45 93 865 249
45 94 693 239
45 95 440 408
45 96 579 535
45 97 291 706
45 98 590 482
45 99 823 187
46 47 602 346
46 48 373 687
46 49 832 244
46 50 906 180
46 51 389 634
46 52 448 635
46 53 741 411
46 54 328 695
46 55 302 571
46 56 77 671
46 57 321 525
46 58 471 662
46 59 26 950
46 60 515 391
46 61 502 449
46 62 11 869
46 63 152 686
46 64 921 335
46 65 950 46
46 66 89 808
46 67 344 579
46 68 796 335
46 69 701 251
46 70 821 259
46 71 41 684
46 72 983 283
46 73 888 375
46 74 949 307
46 75 134 672
46 76 603 298
46 77 361 670
46 78 832 312
46 79 281 602
46 80 496 426
46 81 139 637
46 82 257 645
46 83 831 367
46 84 268 704
46 85 465 640
46 86 443 555
46 87 237 743
46 88 609 426
46 89 896 205
46 90 982 209
46 91 555 433
46 92 623 518
46 93 700 417
46 94 62 828
46 95 5 975
46 96 967 81
46 97 135 701
46 98 846 288
46 99 268 631
47 48 212 680
47 49 511 519
47 50 334 630
47 51 356 729
47 52 786 398
47 53 495 618
47 54 728 335
47 55 548 567
47 56 732 188
47 57 367 534
47 58 949 263
47 59 23 690
47 60 484 562
47 61 957 104
47 62 943 207
47 63 317 668
47 64 311 736
47 65 393 672
47 66 595 509
47 67 735 206
47 68 53 939
47 69 665 530
47 70 300 772
47 71 691 403
47 72 467 395
47 73 91 730
47 74 552 555
47 75 867 302
47 76 137 609
47 77 893 256
47 78 807 336
47 79 909 251
47 80 42 874
47 81 500 531
47 82 195 754
47 83 372 687
47 84 159 739
47 85 994 165
47 86 13 772
47 87 219 566
47 88 389 726
47 89 469 467
47 90 898 245
47 91 739 449
47 92 688 235
47 93 978 313
47 94 163 691
47 95 267 745
47 96 533 486
47 97 34 775
47 98 276 575
47 99 790 283
48 49 45 829
48 50 725 258
48 51 120 751
48 52 381 574
48 53 764 195
48 54 433 504
48 55 490 612
48 56 571 333
48 57 799 419
48 58 611 517
48 59 61 898
48 60 20 888
48 61 474 469
48 62 982 300
48 63 939 183
48 64 349 581
48 65 622 428
48 66 502 571
48 67 579 399
48 68 760 449
48 69 432 538
48 70 319 489
48 71 532 578
48 72 314 752
48 73 344 483
48 74 247 816
48 75 937 74
48 76 828 392
48 77 645 502
48 78 439 525
48 79 626 398
48 80 942 157
48 81 295 732
48 82 792 177
48 83 709 307
48 84 56 824
48 85 971 156
48 86 977 185
48 87 3 787
48 88 503 360
48 89 708 257
48 90 388 638
48 91 567 539
48 92 184 762
48 93 496 448
48 94 606 394
48 95 623 421
48 96 599 338
48 97 113 865
48 98 904 318
48 99 213 637
49 50 537 520
49 51 110 654
49 52 646 379
49 53 635 472
49 54 10 910
49 55 671 358
49 56 592 528
49 57 810 223
49 58 660 525
49 59 646 546
49 60 120 892
49 61 358 615
49 62 712 417
49 63 86 800
49 64 192 702
49 65 690 426
49 66 28 875
49 67 567 497
49 68 408 573
49 69 885 93
49 70 320 629
49 71 951 65
49 72 869 287
49 73 596 566
49 74 618 472
49 75 572 502
49 76 316 554
49 77 569 485
49 78 982 125
49 79 711 282
49 80 195 847
49 81 866 149
49 82 342 756
49 83 665 463
49 84 744 220
49 85 384 544
49 86 808 426
49 87 36 689
49 88 476 661
49 89 50 707
49 90 245 661
49 91 441 520
49 92 419 631
49 93 738 467
49 94 528 447
49 95 109 740
49 96 8 878
49 97 387 579
49 98 214 648
49 99 442 497
50 51 612 401
50 52 470 527
50 53 603 461
50 54 827 152
50 55 994 153
50 56 585 326
50 57 269 512
50 58 997 253
50 59 229 827
50 60 198 593
50 61 821 409
50 62 196 685
50 63 849 244
50 64 449 575
50 65 907 236
50 66 264 644
50 67 759 383
50 68 22 793
50 69 919 209
50 70 758 414
50 71 544 463
50 72 135 684
50 73 778 412
50 74 997 69
50 75 333 520
50 76 588 382
50 77 751 190
50 78 758 288
50 79 997 23
50 80 921 218
50 81 909 363
50 82 588 410
50 83 421 535
50 84 914 306
50 85 582 427
50 86 515 582
50 87 851 207
50 88 60 705
50 89 347 530
50 90 65 754
50 91 68 873
50 92 881 296
50 93 203 662
50 94 489 631
50 95 120 828
50 96 21 932
50 97 896 159
50 98 45 851
50 99 414 667
51 52 447 505
51 53 204 743
51 54 625 368
51 55 795 285
51 56 356 633
51 57 512 618
51 58 862 331
51 59 182 709
51 60 906 171
51 61 55 704
51 62 511 454
51 63 856 304
51 64 200 685
51 65 979 233
51 66 771 214
51 67 350 475
51 68 153 798
51 69 64 681
51 70 754 214
51 71 354 548
51 72 744 257
51 73 249 549
51 74 570 576
51 75 499 504
51 76 196 589
51 77 681 269
51 78 146 729
51 79 166 700
51 80 678 402
51 81 861 337
51 82 564 445
51 83 43 959
51 84 864 143
51 85 644 280
51 86 364 568
51 87 40 722
51 88 821 156
51 89 714 372
51 90 778 369
51 91 202 659
51 92 860 393
51 93 830 205
51 94 560 570
51 95 300 676
51 96 456 400
51 97 784 270
51 98 138 745
51 99 87 845
52 53 877 145
52 54 942 64
52 55 363 705
52 56 707 255
52 57 406 571
52 58 135 670
52 59 90 666
52 60 518 429
52 61 907 70
52 62 639 493
52 63 943 211
52 64 112 784
52 65 314 685
52 66 458 662
52 67 265 631
52 68 568 462
52 69 270 768
52 70 223 681
52 71 277 728
52 72 638 520
52 73 62 912
52 74 604 431
52 75 662 355
52 76 920 238
52 77 4 802
52 78 80 704
52 79 15 698
52 80 483 569
52 81 406 474
52 82 353 464
52 83 614 424
52 84 710 411
52 85 719 255
52 86 913 72
52 87 735 402
52 88 438 637
52 89 649 399
52 90 635 286
52 91 418 465
52 92 749 418
52 93 947 100
52 94 396 569
52 95 383 497
52 96 130 825
52 97 934 87
52 98 755 327
52 99 976 244
53 54 491 576
53 55 345 686
53 56 987 276
53 57 673 271
53 58 270 690
53 59 569 324
53 60 986 99
53 61 605 482
53 62 136 784
53 63 335 506
53 64 628 367
53 65 191 663
53 66 786 210
53 67 988 230
53 68 567 597
53 69 689 503
53 70 172 694
53 71 951 62
53 72 662 268
53 73 826 279
53 74 106 684
53 75 206 588
53 76 89 638
53 77 807 298
53 78 291 591
53 79 802 272
53 80 967 269
53 81 730 285
53 82 749 334
53 83 254 722
53 84 109 886
53 85 992 75
53 86 301 640
53 87 264 782
53 88 843 298
53 89 947 203
53 90 827 166
53 91 914 340
53 92 277 542
53 93 445 592
53 94 891 132
53 95 947 286
53 96 914 140
53 97 865 223
53 98 280 590
53 99 358 677
54 55 941 251
54 56 990 266
54 57 16 814
54 58 422 614
54 59 675 386
54 60 632 379
54 61 45 950
54 62 836 122
54 63 778 399
54 64 78 800
54 65 22 707
54 66 323 665
54 67 937 301
54 68 131 882
54 69 60 890
54 70 967 153
54 71 351 456
54 72 650 328
54 73 776 435
54 74 847 259
54 75 144 840
54 76 690 261
54 77 763 397
54 78 947 327
54 79 68 706
54 80 936 47
54 81 987 116
54 82 783 451
54 83 36 765
54 84 0 870
54 85 696 260
54 86 582 406
54 87 922 229
54 88 872 247
54 89 835 377
54 90 478 429
54 91 823 367
54 92 122 854
54 93 183 809
54 94 483 652
54 95 628 505
54 96 229 819
54 97 848 322
54 98 31 879
54 99 414 480
55 56 768 422
55 57 173 874
55 58 852 194
55 59 820 188
55 60 861 229
55 61 622 471
55 62 406 489
55 63 847 372
55 64 376 508
55 65 98 706
55 66 640 284
55 67 239 794
55 68 667 503
55 69 248 540
55 70 67 873
55 71 127 687
55 72 630 399
55 73 458 447
55 74 312 491
55 75 410 696
55 76 242 564
55 77 998 135
55 78 840 387
55 79 887 242
55 80 510 599
55 81 693 411
55 82 896 95
55 83 535 434
55 84 243 542
55 85 401 538
55 86 261 615
55 87 138 894
55 88 584 374
55 89 462 582
55 90 905 172
55 91 164 722
55 92 318 564
55 93 351 676
55 94 588 438
55 95 393 485
55 96 153 635
55 97 343 692
55 98 759 176
55 99 823 278
56 57 394 628
56 58 22 840
56 59 909 87
56 60 496 627
56 61 271 538
56 62 780 319
56 63 321 705
56 64 418 632
56 65 166 817
56 66 317 631
56 67 204 694
56 68 641 349
56 69 17 764
56 70 629 309
56 71 401 717
56 72 485 532
56 73 595 444
56 74 357 702
56 75 407 510
56 76 727 298
56 77 666 321
56 78 908 178
56 79 935 141
56 80 912 152
56 81 143 625
56 82 301 754
56 83 29 783
56 84 495 376
56 85 654 431
56 86 864 114
56 87 146 712
56 88 101 690
56 89 892 173
56 90 601 390
56 91 491 411
56 92 280 672
56 93 115 750
56 94 958 229
56 95 68 952
56 96 372 651
56 97 574 317
56 98 563 602
56 99 319 481
57 58 789 267
57 59 405 485
57 60 651 447
57 61 577 318
57 62 244 548
57 63 994 289
57 64 569 498
57 65 302 538
57 66 410 462
57 67 426 693
57 68 429 641
57 69 832 262
57 70 792 391
57 71 822 365
57 72 697 449
57 73 2 975
57 74 407 487
57 75 53 663
57 76 505 568
57 77 878 103
57 78 932 332
57 79 387 531
57 80 425 624
57 81 163 603
57 82 214 657
57 83 578 427
57 84 741 313
57 85 874 165
57 86 845 166
57 87 831 251
57 88 187 839
57 89 109 912
57 90 727 382
57 91 186 586
57 92 835 309
57 93 64 740
57 94 18 795
57 95 579 434
57 96 464 626
57 97 320 716
57 98 956 121
57 99 33 845
58 59 658 313
58 60 322 613
58 61 828 184
58 62 613 423
58 63 99 906
58 64 629 414
58 65 539 500
58 66 888 350
58 67 53 918
58 68 587 553
58 69 235 622
58 70 499 483
58 71 714 216
58 72 351 644
58 73 630 299
58 74 363 745
58 75 388 661
58 76 492 396
58 77 474 593
58 78 34 746
58 79 276 685
58 80 528 429
58 81 738 470
58 82 747 227
58 83 28 842
58 84 721 335
58 85 874 149
58 86 595 328
58 87 359 684
58 88 959 192
58 89 478 548
58 90 111 771
58 91 580 592
58 92 713 483
58 93 16 723
58 94 877 269
58 95 493 380
58 96 915 192
58 97 976 115
58 98 342 686
58 99 890 328
59 60 868 235
59 61 731 229
59 62 506 595
59 63 889 277
59 64 953 61
59 65 297 679
59 66 146 723
59 67 888 310
59 68 755 197
59 69 359 600
59 70 644 349
59 71 345 615
59 72 572 376
59 73 369 572
59 74 630 469
59 75 249 760
59 76 453 461
59 77 2 910
59 78 308 521
59 79 633 522
59 80 71 940
59 81 304 598
59 82 75 944
59 83 629 403
59 84 201 576
59 85 721 465
59 86 508 427
59 87 606 302
59 88 967 207
59 89 908 169
59 90 581 548
59 91 462 520
59 92 449 678
59 93 481 500
59 94 734 484
59 95 592 295
59 96 140 809
59 97 476 372
59 98 71 883
59 99 442 576
60 61 942 222
60 62 444 413
60 63 36 680
60 64 19 808
60 65 741 350
60 66 751 176
60 67 510 617
60 68 225 617
60 69 828 256
60 70 385 672
60 71 51 679
60 72 473 380
60 73 781 180
60 74 946 209
60 75 690 494
60 76 292 539
60 77 655 415
60 78 951 143
60 79 986 137
60 80 103 727
60 81 401 427
60 82 24 975
60 83 733 352
60 84 247 663
60 85 126 819
60 86 855 301
60 87 91 679
60 88 807 370
60 89 876 259
60 90 538 571
60 91 936 86
60 92 781 335
60 93 28 770
60 94 375 613
60 95 511 350
60 96 779 326
60 97 731 206
60 98 828 134
60 99 515 553
61 62 37 740
61 63 983 155
61 64 750 464
61 65 695 233
61 66 27 959
61 67 211 553
61 68 894 142
61 69 698 389
61 70 768 375
61 71 914 310
61 72 391 667
61 73 673 343
61 74 600 300
61 75 880 260
61 76 446 503
61 77 628 289
61 78 126 780
61 79 323 704
61 80 845 131
61 81 102 819
61 82 554 327
61 83 973 293
61 84 258 736
61 85 206 589
61 86 814 363
61 87 383 536
61 88 971 192
61 89 680 513
61 90 828 258
61 91 396 591
61 92 748 355
61 93 160 880
61 94 392 698
61 95 156 592
61 96 855 265
61 97 352 584
61 98 15 835
61 99 868 384
62 63 789 319
62 64 740 265
62 65 631 458
62 66 407 468
62 67 419 557
62 68 960 53
62 69 976 270
62 70 281 708
62 71 710 435
62 72 446 515
62 73 906 110
62 74 641 359
62 75 800 221
62 76 591 512
62 77 237 640
62 78 12 807
62 79 784 272
62 80 575 443
62 81 300 694
62 82 751 277
62 83 992 51
62 84 315 484
62 85 876 102
62 86 277 730
62 87 648 379
62 88 495 513
62 89 951 326
62 90 287 702
62 91 630 340
62 92 505 355
62 93 541 580
62 94 916 59
62 95 669 330
62 96 626 393
62 97 669 398
62 98 321 648
62 99 766 277
63 64 178 707
63 65 700 257
63 66 197 804
63 67 294 682
63 68 281 709
63 69 556 319
63 70 275 715
63 71 282 753
63 72 882 140
63 73 104 793
63 74 763 382
63 75 234 767
63 76 212 839
63 77 383 512
63 78 612 341
63 79 613 438
63 80 475 426
63 81 930 142
63 82 264 542
63 83 817 397
63 84 904 130
63 85 449 487
63 86 899 108
63 87 100 801
63 88 172 712
63 89 686 239
63 90 245 687
63 91 913 156
63 92 674 387
63 93 124 663
63 94 657 523
63 95 617 384
63 96 576 371
63 97 448 651
63 98 391 483
63 99 419 689
64 65 78 699
64 66 744 372
64 67 834 208
64 68 405 417
64 69 52 957
64 70 805 222
64 71 895 203
64 72 444 599
64 73 448 618
64 74 774 176
64 75 978 307
64 76 657 494
64 77 290 777
64 78 939 196
64 79 647 285
64 80 987 114
64 81 884 89
64 82 743 479
64 83 499 600
64 84 66 812
64 85 722 289
64 86 267 765
64 87 751 385
64 88 571 339
64 89 177 795
64 90 460 538
64 91 951 323
64 92 334 547
64 93 465 396
64 94 657 353
64 95 913 86
64 96 739 411
64 97 256 587
64 98 204 583
64 99 687 498
65 66 281 718
65 67 955 175
65 68 526 505
65 69 231 597
65 70 313 758
65 71 274 621
65 72 472 569
65 73 124 640
65 74 706 318
65 75 488 573
65 76 765 402
65 77 689 484
65 78 729 207
65 79 482 591
65 80 321 548
65 81 752 197
65 82 629 545
65 83 719 339
65 84 387 530
65 85 683 328
65 86 958 192
65 87 827 293
65 88 821 395
65 89 532 554
65 90 785 173
65 91 795 205
65 92 154 702
65 93 833 123
65 94 72 946
65 95 335 487
65 96 242 689
65 97 495 486
65 98 275 529
65 99 851 112
66 67 424 627
66 68 971 137
66 69 696 432
66 70 829 392
66 71 360 597
66 72 745 440
66 73 720 438
66 74 687 254
66 75 40 956
66 76 900 147
66 77 879 246
66 78 922 205
66 79 284 763
66 80 179 630
66 81 520 611
66 82 475 546
66 83 973 60
66 84 130 652
66 85 149 805
66 86 484 447
66 87 367 687
66 88 524 449
66 89 903 147
66 90 851 305
66 91 432 427
66 92 629 378
66 93 721 410
66 94 507 547
66 95 448 676
66 96 392 538
66 97 101 764
66 98 593 292
66 99 825 280
67 68 375 618
67 69 62 939
67 70 328 654
67 71 441 418
67 72 973 23
67 73 603 447
67 74 860 273
67 75 601 354
67 76 952 291
67 77 712 205
67 78 245 612
67 79 476 579
67 80 623 454
67 81 864 323
67 82 340 712
67 83 725 366
67 84 81 898
67 85 644 337
67 86 465 599
67 87 897 324
67 88 692 492
67 89 841 195
67 90 603 364
67 91 574 443
67 92 150 865
67 93 949 102
67 94 90 650
67 95 956 97
67 96 944 194
67 97 276 787
67 98 65 684
67 99 660 456
68 69 745 339
68 70 387 726
68 71 689 505
68 72 11 913
68 73 15 905
68 74 335 693
68 75 967 94
68 76 556 448
68 77 154 619
68 78 86 773
68 79 973 109
68 80 736 463
68 81 928 297
68 82 91 774
68 83 394 689
68 84 366 677
68 85 130 739
68 86 535 476
68 87 227 801
68 88 893 246
68 89 722 440
68 90 795 289
68 91 245 693
68 92 689 363
68 93 513 472
68 94 250 669
68 95 545 594
68 96 294 584
68 97 821 420
68 98 274 681
68 99 557 493
69 70 511 426
69 71 852 233
69 72 651 456
69 73 504 366
69 74 781 326
69 75 860 328
69 76 700 432
69 77 959 321
69 78 730 362
69 79 435 459
69 80 580 458
69 81 931 335
69 82 279 646
69 83 593 483
69 84 473 498
69 85 788 212
69 86 200 576
69 87 868 381
69 88 315 505
69 89 21 745
69 90 402 555
69 91 437 647
69 92 950 181
69 93 917 70
69 94 558 328
69 95 305 705
69 96 986 73
69 97 842 188
69 98 665 270
69 99 455 406
70 71 497 570
70 72 428 468
70 73 503 595
70 74 554 392
70 75 184 806
70 76 447 649
70 77 68 913
70 78 407 561
70 79 94 779
70 80 899 150
70 81 602 485
70 82 858 243
70 83 182 727
70 84 871 179
70 85 920 114
70 86 114 739
70 87 584 404
70 88 788 150
70 89 701 224
70 90 613 451
70 91 595 423
70 92 577 492
70 93 721 271
70 94 627 458
70 95 930 295
70 96 927 118
70 97 760 360
70 98 37 781
70 99 973 253
71 72 966 123
71 73 445 477
71 74 476 655
71 75 544 568
71 76 361 673
71 77 52 957
71 78 24 855
71 79 54 835
71 80 865 106
71 81 841 188
71 82 973 251
71 83 47 696
71 84 448 424
71 85 405 588
71 86 331 486
71 87 56 906
71 88 872 127
71 89 453 533
71 90 707 350
71 91 489 633
71 92 930 126
71 93 778 211
71 94 578 356
71 95 188 654
71 96 144 881
71 97 739 299
71 98 920 223
71 99 163 625
72 73 409 670
72 74 80 900
72 75 663 360
72 76 224 755
72 77 744 358
72 78 183 808
72 79 342 636
72 80 273 550
72 81 949 69
72 82 871 342
72 83 345 515
72 84 732 400
72 85 231 762
72 86 596 394
72 87 181 856
72 88 971 141
72 89 443 502
72 90 913 276
72 91 434 467
72 92 213 637
72 93 452 443
72 94 50 953
72 95 790 430
72 96 244 755
72 97 93 900
72 98 185 628
72 99 488 491
73 74 583 443
73 75 281 657
73 76 610 515
73 77 677 302
73 78 39 778
73 79 713 316
73 80 621 544
73 81 727 207
73 82 501 649
73 83 23 722
73 84 686 353
73 85 14 933
73 86 971 172
73 87 563 337
73 88 974 273
73 89 309 605
73 90 215 834
73 91 507 638
73 92 213 740
73 93 14 708
73 94 499 590
73 95 692 400
73 96 358 695
73 97 808 390
73 98 259 722
73 99 7 958
74 75 172 854
74 76 522 590
74 77 935 180
74 78 43 943
74 79 409 611
74 80 753 287
74 81 289 652
74 82 32 715
74 83 698 452
74 84 166 822
74 85 270 713
74 86 321 699
74 87 360 694
74 88 591 551
74 89 793 209
74 90 493 538
74 91 845 250
74 92 974 291
74 93 165 874
74 94 49 712
74 95 855 194
74 96 561 481
74 97 301 667
74 98 511 497
74 99 819 144
75 76 340 548
75 77 902 347
75 78 734 485
75 79 60 822
75 80 876 346
75 81 723 242
75 82 799 372
75 83 644 349
75 84 536 379
75 85 699 212
75 86 773 304
75 87 151 858
75 88 484 627
75 89 386 678
75 90 706 221
75 91 461 420
75 92 821 155
75 93 742 391
75 94 294 583
75 95 89 922
75 96 515 635
75 97 830 343
75 98 962 32
75 99 105 716
76 77 582 493
76 78 558 395
76 79 385 668
76 80 161 624
76 81 410 656
76 82 651 282
76 83 504 596
76 84 274 691
76 85 395 451
76 86 727 446
76 87 393 624
76 88 59 693
76 89 887 225
76 90 3 795
76 91 401 601
76 92 617 348
76 93 992 230
76 94 964 140
76 95 978 145
76 96 843 283
76 97 151 836
76 98 446 606
76 99 847 193
77 78 124 835
77 79 384 458
77 80 196 827
77 81 347 591
77 82 877 231
77 83 294 562
77 84 172 600
77 85 741 249
77 86 432 537
77 87 280 636
77 88 465 392
77 89 367 444
77 90 495 642
77 91 631 462
77 92 963 262
77 93 705 482
77 94 54 791
77 95 13 853
77 96 742 416
77 97 592 493
77 98 852 392
77 99 107 913
78 79 445 428
78 80 338 614
78 81 920 130
78 82 404 512
78 83 806 337
78 84 754 249
78 85 304 725
78 86 42 953
78 87 966 41
78 88 36 865
78 89 535 492
78 90 261 540
78 91 730 349
78 92 440 592
78 93 714 354
78 94 252 759
78 95 159 863
78 96 170 642
78 97 520 482
78 98 995 11
78 99 410 442
79 80 426 544
79 81 334 514
79 82 61 688
79 83 760 464
79 84 400 711
79 85 750 269
79 86 844 113
79 87 372 504
79 88 289 735
79 89 762 294
79 90 160 862
79 91 227 819
79 92 735 251
79 93 748 276
79 94 114 909
79 95 62 943
79 96 907 352
79 97 591 480
79 98 639 298
79 99 792 190
80 81 51 903
80 82 937 263
80 83 461 497
80 84 962 300
80 85 701 369
80 86 430 422
80 87 511 438
80 88 883 269
80 89 551 592
80 90 139 847
80 91 238 563
80 92 466 387
80 93 811 351
80 94 919 188
80 95 751 344
80 96 323 653
80 97 983 267
80 98 598 410
80 99 440 638
81 82 577 394
81 83 131 880
81 84 352 577
81 85 857 164
81 86 229 710
81 87 967 149
81 88 88 697
81 89 660 254
81 90 468 410
81 91 948 284
81 92 621 439
81 93 814 313
81 94 591 488
81 95 818 284
81 96 693 302
81 97 592 408
81 98 722 439
81 99 537 606
82 83 952 299
82 84 8 931
82 85 534 480
82 86 841 128
82 87 640 422
82 88 361 618
82 89 721 199
82 90 372 562
82 91 142 647
82 92 388 458
82 93 475 454
82 94 148 741
82 95 833 144
82 96 944 307
82 97 526 396
82 98 766 335
82 99 315 754
83 84 693 228
83 85 226 731
83 86 460 654
83 87 279 515
83 88 946 196
83 89 140 779
83 90 887 340
83 91 340 513
83 92 68 863
83 93 34 848
83 94 557 510
83 95 68 834
83 96 253 604
83 97 489 379
83 98 444 654
83 99 665 524
84 85 41 968
84 86 466 525
84 87 960 100
84 88 581 327
84 89 600 468
84 90 459 502
84 91 249 563
84 92 218 637
84 93 32 741
84 94 287 543
84 95 903 255
84 96 526 399
84 97 279 512
84 98 545 460
84 99 718 489
85 86 820 209
85 87 13 805
85 88 867 289
85 89 458 676
85 90 799 371
85 91 296 583
85 92 137 690
85 93 557 606
85 94 929 247
85 95 930 97
85 96 536 401
85 97 774 386
85 98 786 291
85 99 924 350
86 87 733 342
86 88 373 646
86 89 827 235
86 90 583 579
86 91 594 324
86 92 684 321
86 93 761 199
86 94 303 658
86 95 772 392
86 96 358 658
86 97 540 576
86 98 377 590
86 99 39 865
87 88 998 133
87 89 291 622
87 90 275 786
87 91 465 605
87 92 112 680
87 93 584 466
87 94 297 539
87 95 52 719
87 96 728 283
87 97 405 628
87 98 563 402
87 99 370 630
88 89 678 299
88 90 789 314
88 91 69 665
88 92 759 304
88 93 780 267
88 94 723 421
88 95 140 791
88 96 993 113
88 97 418 701
88 98 455 449
88 99 745 425
89 90 700 312
89 91 271 710
89 92 210 853
89 93 682 499
89 94 427 581
89 95 779 302
89 96 811 149
89 97 259 663
89 98 457 623
89 99 437 584
90 91 990 104
90 92 830 131
90 93 326 604
90 94 766 363
90 95 576 390
90 96 30 857
90 97 546 327
90 98 214 583
90 99 446 601
91 92 724 265
91 93 489 604
91 94 603 358
91 95 617 536
91 96 563 460
91 97 211 614
91 98 471 403
91 99 879 168
92 93 198 707
92 94 100 645
92 95 817 351
92 96 463 565
92 97 325 601
92 98 526 540
92 99 877 263
93 94 839 409
93 95 505 494
93 96 656 324
93 97 73 905
93 98 373 625
93 99 466 380
94 95 306 561
94 96 747 347
94 97 486 544
94 98 739 405
94 99 838 314
95 96 657 351
95 97 690 277
95 98 504 492
95 99 677 398
96 97 320 666
96 98 371 740
96 99 187 662
97 98 613 405
97 99 360 474
98 99 147 667
