11
0 1 799 278
0 2 72 716
0 3 629 492
0 4 576 195
0 5 107 244
0 6 471 597
0 7 87 608
0 8 849 510
0 9 791 340
0 10 909 496
0 11 337 529
0 12 775 836
0 13 81 340
0 14 431 369
0 15 792 394
0 16 670 233
0 17 261 161
0 18 868 402
0 19 577 232
0 20 664 436
0 21 902 698
0 22 107 660
0 23 59 677
0 24 656 889
0 25 27 450
0 26 90 318
0 27 981 302
0 28 790 811
0 29 95 691
0 30 88 331
0 31 44 502
0 32 253 232
0 33 458 159
0 34 989 399
0 35 593 210
0 36 871 320
0 37 402 183
0 38 704 271
0 39 172 566
0 40 824 253
0 41 968 420
0 42 398 730
0 43 500 419
0 44 280 626
0 45 102 552
0 46 815 582
0 47 654 849
0 48 297 297
0 49 290 492
1 2 772 710
1 3 410 472
1 4 683 647
1 5 571 733
1 6 809 416
1 7 586 366
1 8 612 612
1 9 17 503
1 10 766 343
1 11 385 461
1 12 922 544
1 13 739 623
1 14 405 747
1 15 163 216
1 16 289 284
1 17 432 415
1 18 36 469
1 19 712 898
1 20 901 657
1 21 78 229
1 22 956 430
1 23 980 516
1 24 727 861
1 25 552 763
1 26 426 588
1 27 244 660
1 28 91 352
1 29 70 189
1 30 83 341
1 31 507 483
1 32 304 555
1 33 424 531
1 34 961 616
1 35 266 604
1 36 105 572
1 37 122 188
1 38 217 640
1 39 766 854
1 40 13 398
1 41 551 276
1 42 518 790
1 43 284 583
1 44 961 875
1 45 454 243
1 46 926 310
1 47 417 429
1 48 625 435
1 49 295 179
2 3 493 262
2 4 512 387
2 5 183 92
2 6 149 490
2 7 193 313
2 8 897 886
2 9 54 687
2 10 636 706
2 11 156 495
2 12 668 683
2 13 310 245
2 14 310 495
2 15 551 304
2 16 530 738
2 17 430 706
2 18 297 166
2 19 729 419
2 20 908 724
2 21 491 730
2 22 324 371
2 23 999 304
2 24 955 570
2 25 177 706
2 26 35 477
2 27 595 750
2 28 815 922
2 29 498 209
2 30 111 95
2 31 483 165
2 32 534 445
2 33 380 478
2 34 390 243
2 35 14 319
2 36 554 826
2 37 989 377
2 38 100 67
2 39 193 615
2 40 657 397
2 41 44 602
2 42 97 360
2 43 179 531
2 44 393 305
2 45 322 110
2 46 378 568
2 47 693 626
2 48 28 99
2 49 79 536
3 4 64 706
3 5 284 757
3 6 866 361
3 7 910 856
3 8 611 705
3 9 737 522
3 10 889 604
3 11 214 196
3 12 963 495
3 13 678 898
3 14 331 177
3 15 985 897
3 16 703 578
3 17 116 268
3 18 267 401
3 19 75 291
3 20 455 287
3 21 393 715
3 22 765 450
3 23 685 617
3 24 930 356
3 25 963 671
3 26 966 860
3 27 871 288
3 28 188 630
3 29 251 140
3 30 269 304
3 31 50 60
3 32 246 371
3 33 749 829
3 34 665 549
3 35 974 942
3 36 616 387
3 37 924 314
3 38 459 439
3 39 446 248
3 40 231 542
3 41 110 665
3 42 669 426
3 43 311 692
3 44 162 240
3 45 659 206
3 46 143 305
3 47 950 455
3 48 154 295
3 49 531 498
4 5 690 678
4 6 935 671
4 7 404 204
4 8 43 413
4 9 795 363
4 10 550 604
4 11 296 241
4 12 592 535
4 13 30 634
4 14 865 877
4 15 853 758
4 16 486 774
4 17 656 452
4 18 46 53
4 19 600 180
4 20 606 805
4 21 99 182
4 22 403 401
4 23 501 772
4 24 470 389
4 25 761 364
4 26 617 287
4 27 855 680
4 28 54 614
4 29 54 541
4 30 229 272
4 31 921 496
4 32 890 891
4 33 420 772
4 34 928 421
4 35 701 517
4 36 397 443
4 37 520 568
4 38 188 63
4 39 330 583
4 40 429 676
4 41 116 81
4 42 477 188
4 43 131 198
4 44 264 429
4 45 22 580
4 46 15 264
4 47 218 186
4 48 771 595
4 49 857 560
5 6 490 531
5 7 835 375
5 8 87 330
5 9 616 421
5 10 924 480
5 11 196 103
5 12 72 546
5 13 483 607
5 14 322 187
5 15 713 369
5 16 839 262
5 17 392 379
5 18 114 561
5 19 415 357
5 20 715 797
5 21 161 549
5 22 691 372
5 23 817 434
5 24 201 731
5 25 614 249
5 26 986 629
5 27 966 637
5 28 230 582
5 29 805 551
5 30 775 889
5 31 902 700
5 32 972 801
5 33 473 587
5 34 532 317
5 35 427 161
5 36 772 705
5 37 873 941
5 38 304 463
5 39 22 308
5 40 812 302
5 41 512 653
5 42 533 357
5 43 988 413
5 44 24 59
5 45 451 517
5 46 597 460
5 47 864 844
5 48 12 277
5 49 677 701
6 7 586 779
6 8 939 607
6 9 961 346
6 10 211 473
6 11 997 450
6 12 655 261
6 13 945 935
6 14 849 560
6 15 682 321
6 16 26 440
6 17 822 652
6 18 674 370
6 19 745 400
6 20 178 123
6 21 484 710
6 22 586 355
6 23 23 619
6 24 16 533
6 25 903 335
6 26 220 667
6 27 960 675
6 28 402 544
6 29 75 177
6 30 805 713
6 31 758 478
6 32 104 721
6 33 800 430
6 34 557 562
6 35 92 208
6 36 621 284
6 37 821 733
6 38 374 692
6 39 598 556
6 40 907 434
6 41 208 104
6 42 929 848
6 43 379 537
6 44 157 156
6 45 792 892
6 46 181 555
6 47 468 632
6 48 610 594
6 49 382 690
7 8 121 524
7 9 793 720
7 10 981 782
7 11 231 247
7 12 352 477
7 13 752 333
7 14 82 132
7 15 971 831
7 16 998 911
7 17 395 413
7 18 679 771
7 19 910 452
7 20 730 531
7 21 142 523
7 22 452 253
7 23 270 265
7 24 85 333
7 25 80 489
7 26 917 460
7 27 467 245
7 28 961 375
7 29 353 557
7 30 389 740
7 31 219 270
7 32 705 787
7 33 413 443
7 34 461 145
7 35 933 307
7 36 425 446
7 37 87 47
7 38 875 614
7 39 903 435
7 40 808 917
7 41 555 463
7 42 213 444
7 43 25 672
7 44 223 687
7 45 174 557
7 46 284 640
7 47 637 801
7 48 290 172
7 49 326 310
8 9 291 348
8 10 234 664
8 11 626 244
8 12 349 413
8 13 517 586
8 14 500 554
8 15 561 341
8 16 613 512
8 17 171 751
8 18 194 266
8 19 543 575
8 20 704 746
8 21 351 151
8 22 377 476
8 23 107 637
8 24 186 167
8 25 621 354
8 26 302 472
8 27 768 481
8 28 969 412
8 29 880 564
8 30 149 109
8 31 106 215
8 32 312 316
8 33 738 745
8 34 971 741
8 35 470 762
8 36 23 27
8 37 964 513
8 38 548 602
8 39 550 281
8 40 923 377
8 41 444 471
8 42 921 317
8 43 818 438
8 44 433 711
8 45 687 438
8 46 858 687
8 47 559 519
8 48 181 446
8 49 370 370
9 10 907 951
9 11 459 759
9 12 397 686
9 13 686 575
9 14 353 801
9 15 492 284
9 16 217 764
9 17 726 540
9 18 856 466
9 19 814 281
9 20 573 668
9 21 967 360
9 22 533 386
9 23 278 106
9 24 773 600
9 25 723 333
9 26 905 883
9 27 37 428
9 28 739 546
9 29 922 913
9 30 91 220
9 31 993 299
9 32 136 588
9 33 539 430
9 34 687 559
9 35 190 544
9 36 905 891
9 37 990 549
9 38 902 611
9 39 657 418
9 40 696 402
9 41 336 175
9 42 403 126
9 43 179 279
9 44 566 464
9 45 774 498
9 46 416 671
9 47 181 543
9 48 162 292
9 49 593 865
10 11 812 868
10 12 83 318
10 13 465 551
10 14 320 106
10 15 333 342
10 16 622 585
10 17 147 541
10 18 871 670
10 19 986 353
10 20 621 630
10 21 923 618
10 22 357 271
10 23 167 174
10 24 426 499
10 25 305 394
10 26 432 787
10 27 531 675
10 28 848 357
10 29 657 864
10 30 97 67
10 31 857 751
10 32 169 735
10 33 155 421
10 34 539 732
10 35 740 621
10 36 569 739
10 37 583 206
10 38 194 430
10 39 698 670
10 40 477 318
10 41 96 166
10 42 381 269
10 43 892 958
10 44 933 461
10 45 497 415
10 46 586 779
10 47 117 635
10 48 507 755
10 49 863 791
11 12 785 763
11 13 499 622
11 14 347 485
11 15 363 695
11 16 150 412
11 17 106 600
11 18 732 382
11 19 498 762
11 20 930 648
11 21 927 794
11 22 87 424
11 23 71 226
11 24 887 767
11 25 941 783
11 26 20 122
11 27 640 547
11 28 89 418
11 29 972 826
11 30 957 703
11 31 230 497
11 32 716 221
11 33 70 32
11 34 724 881
11 35 386 156
11 36 835 297
11 37 625 353
11 38 945 941
11 39 700 465
11 40 118 567
11 41 828 669
11 42 489 286
11 43 43 147
11 44 877 690
11 45 604 764
11 46 903 840
11 47 849 281
11 48 145 638
11 49 609 353
12 13 224 194
12 14 945 746
12 15 877 449
12 16 638 564
12 17 675 600
12 18 786 783
12 19 330 733
12 20 38 611
12 21 179 403
12 22 790 927
12 23 617 490
12 24 26 350
12 25 82 177
12 26 269 127
12 27 34 133
12 28 374 182
12 29 885 948
12 30 172 93
12 31 604 729
12 32 933 863
12 33 627 340
12 34 106 339
12 35 115 555
12 36 899 735
12 37 296 195
12 38 368 281
12 39 919 570
12 40 307 201
12 41 41 330
12 42 685 891
12 43 521 420
12 44 918 842
12 45 850 577
12 46 283 456
12 47 75 376
12 48 963 699
12 49 341 617
13 14 372 740
13 15 380 189
13 16 84 521
13 17 593 442
13 18 195 77
13 19 665 755
13 20 250 499
13 21 520 572
13 22 821 501
13 23 895 522
13 24 678 714
13 25 153 736
13 26 226 73
13 27 106 666
13 28 495 373
13 29 790 453
13 30 249 728
13 31 982 336
13 32 856 439
13 33 923 604
13 34 839 938
13 35 972 681
13 36 899 856
13 37 908 402
13 38 782 502
13 39 206 159
13 40 794 595
13 41 387 798
13 42 57 408
13 43 242 666
13 44 759 251
13 45 343 699
13 46 724 481
13 47 779 539
13 48 49 635
13 49 743 275
14 15 428 480
14 16 473 786
14 17 861 517
14 18 821 586
14 19 87 128
14 20 128 666
14 21 57 322
14 22 361 258
14 23 767 926
14 24 375 681
14 25 705 458
14 26 872 641
14 27 417 818
14 28 216 448
14 29 179 606
14 30 657 397
14 31 773 409
14 32 317 493
14 33 298 700
14 34 184 176
14 35 676 622
14 36 911 883
14 37 832 843
14 38 698 883
14 39 359 621
14 40 847 864
14 41 390 419
14 42 609 701
14 43 541 183
14 44 231 646
14 45 516 526
14 46 714 809
14 47 951 460
14 48 51 96
14 49 230 541
15 16 399 215
15 17 33 524
15 18 983 611
15 19 148 380
15 20 570 728
15 21 168 517
15 22 400 349
15 23 426 760
15 24 803 697
15 25 282 92
15 26 802 753
15 27 605 434
15 28 413 824
15 29 734 614
15 30 131 287
15 31 171 589
15 32 782 442
15 33 177 580
15 34 62 421
15 35 950 537
15 36 757 721
15 37 321 367
15 38 474 742
15 39 586 598
15 40 574 182
15 41 76 366
15 42 753 579
15 43 302 220
15 44 691 450
15 45 946 913
15 46 578 806
15 47 563 588
15 48 614 463
15 49 251 298
16 17 803 892
16 18 984 764
16 19 126 486
16 20 315 517
16 21 858 461
16 22 493 172
16 23 906 709
16 24 314 196
16 25 21 494
16 26 322 581
16 27 147 415
16 28 475 189
16 29 486 458
16 30 896 763
16 31 199 307
16 32 982 753
16 33 868 582
16 34 504 317
16 35 54 369
16 36 131 652
16 37 449 369
16 38 609 812
16 39 460 378
16 40 833 543
16 41 380 313
16 42 649 588
16 43 746 720
16 44 902 311
16 45 117 48
16 46 886 440
16 47 958 589
16 48 86 616
16 49 982 531
17 18 934 554
17 19 896 817
17 20 986 527
17 21 330 213
17 22 810 798
17 23 60 589
17 24 30 693
17 25 412 797
17 26 796 425
17 27 17 270
17 28 68 344
17 29 483 440
17 30 765 880
17 31 946 766
17 32 763 770
17 33 530 210
17 34 650 539
17 35 929 892
17 36 648 693
17 37 298 333
17 38 770 627
17 39 265 567
17 40 934 852
17 41 168 313
17 42 178 104
17 43 143 633
17 44 765 692
17 45 940 916
17 46 203 172
17 47 67 100
17 48 563 720
17 49 19 78
18 19 830 742
18 20 243 219
18 21 396 453
18 22 356 767
18 23 220 735
18 24 663 296
18 25 221 311
18 26 714 512
18 27 631 475
18 28 83 136
18 29 789 576
18 30 477 494
18 31 747 379
18 32 352 496
18 33 857 598
18 34 317 120
18 35 0 551
18 36 760 716
18 37 298 182
18 38 562 251
18 39 310 697
18 40 333 588
18 41 413 162
18 42 127 144
18 43 380 183
18 44 518 326
18 45 496 717
18 46 203 256
18 47 357 678
18 48 335 102
18 49 164 123
19 20 918 337
19 21 723 261
19 22 613 706
19 23 412 647
19 24 179 304
19 25 31 58
19 26 76 514
19 27 275 449
19 28 668 463
19 29 208 703
19 30 443 157
19 31 590 365
19 32 788 307
19 33 972 327
19 34 674 391
19 35 710 461
19 36 86 488
19 37 448 535
19 38 307 727
19 39 711 242
19 40 233 515
19 41 51 620
19 42 129 485
19 43 50 197
19 44 369 335
19 45 353 295
19 46 208 154
19 47 564 798
19 48 168 691
19 49 560 262
20 21 394 191
20 22 527 614
20 23 236 290
20 24 267 660
20 25 155 331
20 26 169 583
20 27 466 327
20 28 155 55
20 29 989 885
20 30 587 479
20 31 700 580
20 32 486 479
20 33 670 248
20 34 318 245
20 35 332 269
20 36 952 755
20 37 880 764
20 38 460 296
20 39 350 148
20 40 796 540
20 41 849 687
20 42 794 336
20 43 367 300
20 44 747 824
20 45 691 440
20 46 486 643
20 47 122 261
20 48 838 299
20 49 949 457
21 22 937 917
21 23 972 490
21 24 264 536
21 25 310 244
21 26 16 141
21 27 857 847
21 28 359 646
21 29 969 882
21 30 269 156
21 31 838 601
21 32 620 731
21 33 60 358
21 34 329 246
21 35 696 696
21 36 459 735
21 37 288 634
21 38 705 428
21 39 564 380
21 40 744 769
21 41 802 309
21 42 35 299
21 43 517 722
21 44 410 313
21 45 271 661
21 46 977 978
21 47 399 674
21 48 75 543
21 49 494 698
22 23 234 465
22 24 893 620
22 25 228 725
22 26 283 457
22 27 778 459
22 28 506 711
22 29 934 309
22 30 523 206
22 31 585 509
22 32 636 718
22 33 290 741
22 34 259 81
22 35 624 768
22 36 211 518
22 37 618 620
22 38 875 575
22 39 819 458
22 40 139 651
22 41 165 232
22 42 585 341
22 43 786 361
22 44 585 607
22 45 268 350
22 46 328 375
22 47 345 315
22 48 632 460
22 49 597 545
23 24 152 122
23 25 109 719
23 26 780 698
23 27 839 517
23 28 227 265
23 29 867 646
23 30 52 335
23 31 540 199
23 32 314 582
23 33 155 55
23 34 148 379
23 35 564 313
23 36 736 635
23 37 985 824
23 38 125 401
23 39 749 359
23 40 90 517
23 41 508 341
23 42 619 406
23 43 771 589
23 44 379 694
23 45 45 322
23 46 852 904
23 47 379 802
23 48 701 846
23 49 199 305
24 25 659 660
24 26 509 575
24 27 429 133
24 28 365 148
24 29 710 373
24 30 417 466
24 31 365 386
24 32 454 352
24 33 826 815
24 34 243 209
24 35 985 814
24 36 700 394
24 37 458 689
24 38 509 802
24 39 631 776
24 40 15 10
24 41 252 499
24 42 243 125
24 43 114 318
24 44 582 554
24 45 338 483
24 46 46 182
24 47 628 582
24 48 791 373
24 49 438 702
25 26 438 609
25 27 79 265
25 28 172 357
25 29 105 212
25 30 886 482
25 31 417 712
25 32 580 303
25 33 909 806
25 34 973 781
25 35 644 846
25 36 27 559
25 37 233 711
25 38 411 388
25 39 518 594
25 40 909 502
25 41 599 211
25 42 679 549
25 43 164 152
25 44 359 531
25 45 70 257
25 46 969 713
25 47 897 905
25 48 489 231
25 49 171 375
26 27 35 672
26 28 409 675
26 29 223 234
26 30 936 545
26 31 758 721
26 32 876 336
26 33 105 510
26 34 575 866
26 35 349 615
26 36 266 687
26 37 7 188
26 38 315 222
26 39 611 316
26 40 960 884
26 41 941 348
26 42 654 586
26 43 863 546
26 44 163 266
26 45 267 585
26 46 672 895
26 47 627 353
26 48 45 38
26 49 253 689
27 28 246 151
27 29 488 502
27 30 450 756
27 31 823 477
27 32 17 656
27 33 989 825
27 34 533 239
27 35 139 539
27 36 110 37
27 37 297 207
27 38 834 268
27 39 192 233
27 40 162 694
27 41 302 562
27 42 800 303
27 43 330 209
27 44 85 372
27 45 4 459
27 46 328 159
27 47 594 391
27 48 924 592
27 49 455 276
28 29 874 564
28 30 983 360
28 31 765 855
28 32 389 408
28 33 255 550
28 34 134 158
28 35 927 671
28 36 500 280
28 37 963 306
28 38 678 675
28 39 173 431
28 40 741 871
28 41 929 913
28 42 613 490
28 43 164 257
28 44 473 525
28 45 463 384
28 46 21 615
28 47 333 737
28 48 553 484
28 49 962 923
29 30 806 847
29 31 206 281
29 32 876 721
29 33 490 717
29 34 622 448
29 35 890 354
29 36 144 55
29 37 610 562
29 38 587 525
29 39 662 449
29 40 345 520
29 41 53 434
29 42 772 526
29 43 559 690
29 44 625 512
29 45 714 771
29 46 146 663
29 47 472 397
29 48 938 772
29 49 691 531
30 31 458 174
30 32 916 670
30 33 732 870
30 34 899 818
30 35 727 767
30 36 132 632
30 37 628 326
30 38 776 509
30 39 388 761
30 40 519 553
30 41 752 807
30 42 457 318
30 43 234 238
30 44 20 565
30 45 971 417
30 46 502 545
30 47 811 382
30 48 685 607
30 49 889 521
31 32 703 831
31 33 413 573
31 34 478 778
31 35 662 287
31 36 668 409
31 37 148 227
31 38 521 204
31 39 299 454
31 40 950 312
31 41 24 201
31 42 855 889
31 43 508 738
31 44 449 825
31 45 342 793
31 46 241 422
31 47 800 385
31 48 706 687
31 49 659 811
32 33 147 190
32 34 491 719
32 35 93 219
32 36 380 369
32 37 415 795
32 38 480 451
32 39 681 484
32 40 508 305
32 41 930 385
32 42 29 160
32 43 348 164
32 44 66 459
32 45 343 162
32 46 643 423
32 47 506 256
32 48 321 551
32 49 179 231
33 34 79 196
33 35 635 485
33 36 873 705
33 37 462 256
33 38 646 892
33 39 625 591
33 40 380 627
33 41 856 866
33 42 927 922
33 43 635 465
33 44 451 296
33 45 322 467
33 46 343 690
33 47 227 744
33 48 381 472
33 49 911 639
34 35 675 244
34 36 157 485
34 37 660 868
34 38 4 481
34 39 788 400
34 40 88 412
34 41 543 779
34 42 709 351
34 43 884 927
34 44 725 503
34 45 292 700
34 46 883 296
34 47 172 557
34 48 877 310
34 49 633 753
35 36 420 390
35 37 618 780
35 38 866 664
35 39 904 896
35 40 539 666
35 41 805 895
35 42 720 221
35 43 889 758
35 44 614 795
35 45 899 581
35 46 989 949
35 47 780 600
35 48 729 289
35 49 131 438
36 37 135 260
36 38 71 434
36 39 221 305
36 40 11 227
36 41 650 567
36 42 38 619
36 43 738 416
36 44 903 953
36 45 309 237
36 46 562 321
36 47 68 492
36 48 772 718
36 49 998 897
37 38 145 394
37 39 684 275
37 40 847 763
37 41 953 692
37 42 481 200
37 43 646 486
37 44 277 145
37 45 566 472
37 46 789 700
37 47 68 277
37 48 480 542
37 49 414 206
38 39 815 444
38 40 578 200
38 41 439 549
38 42 979 784
38 43 810 498
38 44 218 260
38 45 0 419
38 46 179 272
38 47 524 176
38 48 403 679
38 49 524 630
39 40 890 714
39 41 201 128
39 42 752 757
39 43 209 428
39 44 333 428
39 45 798 479
39 46 726 609
39 47 405 177
39 48 324 259
39 49 109 632
40 41 177 734
40 42 566 729
40 43 345 457
40 44 448 430
40 45 520 315
40 46 37 186
40 47 817 699
40 48 936 319
40 49 757 770
41 42 830 536
41 43 596 644
41 44 808 650
41 45 702 858
41 46 65 92
41 47 237 667
41 48 719 339
41 49 839 900
42 43 115 689
42 44 626 383
42 45 884 271
42 46 360 402
42 47 43 304
42 48 776 465
42 49 186 95
43 44 898 373
43 45 326 611
43 46 548 812
43 47 834 498
43 48 257 715
43 49 464 292
44 45 796 888
44 46 780 686
44 47 892 573
44 48 787 572
44 49 441 445
45 46 32 320
45 47 667 749
45 48 861 623
45 49 518 701
46 47 430 337
46 48 626 276
46 49 793 526
47 48 451 242
47 49 484 708
48 49 790 266
