6
0 1 10 10
0 2 0 990
0 3 995 997
0 4 17 13
0 5 12 11
0 6 18 13
0 7 17 17
0 8 14 13
0 9 15 12
0 10 19 20
0 11 19 15
0 12 14 11
0 13 12 11
0 14 12 12
0 15 17 20
0 16 19 11
0 17 11 17
0 18 15 13
0 19 12 18
0 20 14 15
0 21 18 19
0 22 12 17
0 23 11 19
0 24 12 17
0 25 14 11
0 26 17 11
0 27 17 16
0 28 19 18
0 29 12 18
0 30 12 18
0 31 17 17
0 32 14 19
0 33 19 12
0 34 11 12
0 35 11 15
0 36 19 15
0 37 19 15
0 38 14 12
0 39 11 16
0 40 12 17
0 41 15 11
0 42 12 13
0 43 13 15
0 44 10 18
0 45 16 18
0 46 11 13
0 47 11 17
0 48 14 10
0 49 17 18
0 50 12 20
0 51 16 20
0 52 16 14
0 53 10 19
0 54 14 19
0 55 14 14
0 56 16 20
0 57 12 15
0 58 12 17
0 59 19 17
0 60 13 16
0 61 14 15
0 62 10 16
0 63 13 12
0 64 17 19
0 65 12 13
0 66 15 19
0 67 14 15
0 68 16 20
0 69 11 13
0 70 14 16
0 71 15 13
0 72 17 10
0 73 19 15
0 74 19 15
0 75 18 16
0 76 12 15
0 77 15 20
0 78 16 18
0 79 15 15
0 80 12 13
0 81 14 11
0 82 17 14
0 83 20 18
0 84 15 15
0 85 20 13
0 86 20 14
0 87 11 14
0 88 16 11
0 89 11 20
0 90 15 13
0 91 13 19
0 92 16 14
0 93 17 16
0 94 19 12
0 95 10 11
0 96 12 18
0 97 10 11
0 98 11 11
0 99 15 12
1 2 990 0
1 3 996 990
1 4 15 17
1 5 17 17
1 6 12 20
1 7 14 11
1 8 17 13
1 9 19 10
1 10 18 18
1 11 17 18
1 12 18 19
1 13 18 11
1 14 16 18
1 15 11 10
1 16 19 18
1 17 13 12
1 18 20 12
1 19 13 18
1 20 16 19
1 21 18 19
1 22 15 14
1 23 13 14
1 24 20 15
1 25 18 19
1 26 18 16
1 27 16 19
1 28 18 17
1 29 18 17
1 30 18 17
1 31 20 16
1 32 16 17
1 33 20 17
1 34 16 16
1 35 17 17
1 36 10 11
1 37 19 10
1 38 14 12
1 39 11 18
1 40 16 19
1 41 14 19
1 42 17 17
1 43 18 11
1 44 12 17
1 45 19 20
1 46 19 20
1 47 17 19
1 48 15 16
1 49 14 13
1 50 17 10
1 51 16 20
1 52 12 17
1 53 12 16
1 54 19 20
1 55 14 13
1 56 14 18
1 57 19 13
1 58 15 11
1 59 16 12
1 60 15 13
1 61 16 16
1 62 17 19
1 63 12 11
1 64 12 15
1 65 11 12
1 66 17 17
1 67 19 11
1 68 16 16
1 69 17 12
1 70 14 16
1 71 16 14
1 72 12 12
1 73 17 18
1 74 16 18
1 75 12 15
1 76 17 10
1 77 14 14
1 78 14 13
1 79 16 16
1 80 10 12
1 81 17 13
1 82 14 16
1 83 18 18
1 84 15 16
1 85 11 11
1 86 12 17
1 87 15 16
1 88 14 16
1 89 14 16
1 90 19 15
1 91 13 19
1 92 13 16
1 93 12 19
1 94 16 17
1 95 16 15
1 96 17 14
1 97 19 19
1 98 10 16
1 99 17 13
2 3 999 993
2 4 13 20
2 5 16 19
2 6 11 10
2 7 15 11
2 8 16 13
2 9 17 15
2 10 15 18
2 11 18 13
2 12 10 17
2 13 13 12
2 14 11 12
2 15 17 19
2 16 15 20
2 17 11 14
2 18 13 14
2 19 15 13
2 20 14 15
2 21 15 13
2 22 13 16
2 23 15 18
2 24 10 14
2 25 11 17
2 26 13 14
2 27 15 19
2 28 10 16
2 29 11 11
2 30 16 14
2 31 12 15
2 32 12 15
2 33 18 16
2 34 19 13
2 35 18 16
2 36 18 18
2 37 16 17
2 38 17 13
2 39 14 17
2 40 16 16
2 41 16 10
2 42 11 15
2 43 12 19
2 44 14 12
2 45 10 12
2 46 10 12
2 47 14 11
2 48 19 16
2 49 12 10
2 50 17 16
2 51 14 13
2 52 12 18
2 53 10 12
2 54 11 18
2 55 12 11
2 56 11 18
2 57 14 12
2 58 15 17
2 59 14 14
2 60 16 16
2 61 14 13
2 62 19 11
2 63 17 12
2 64 18 13
2 65 18 11
2 66 14 13
2 67 14 13
2 68 16 13
2 69 19 19
2 70 10 14
2 71 18 15
2 72 17 13
2 73 15 19
2 74 14 17
2 75 16 19
2 76 20 17
2 77 11 13
2 78 19 15
2 79 19 14
2 80 12 12
2 81 13 10
2 82 11 10
2 83 13 11
2 84 20 17
2 85 18 13
2 86 17 17
2 87 16 12
2 88 19 18
2 89 13 18
2 90 10 17
2 91 16 14
2 92 18 13
2 93 17 16
2 94 19 10
2 95 20 14
2 96 10 12
2 97 13 16
2 98 12 18
2 99 14 11
3 4 11 20
3 5 19 18
3 6 13 16
3 7 13 10
3 8 16 15
3 9 19 11
3 10 11 18
3 11 16 10
3 12 17 15
3 13 12 14
3 14 14 16
3 15 11 11
3 16 16 12
3 17 16 16
3 18 11 16
3 19 11 18
3 20 14 11
3 21 12 17
3 22 12 16
3 23 16 15
3 24 17 12
3 25 14 10
3 26 14 19
3 27 18 14
3 28 17 12
3 29 13 12
3 30 17 10
3 31 17 16
3 32 15 14
3 33 19 11
3 34 16 15
3 35 11 17
3 36 13 17
3 37 12 18
3 38 10 14
3 39 14 17
3 40 11 18
3 41 15 17
3 42 13 14
3 43 19 13
3 44 10 11
3 45 18 18
3 46 19 18
3 47 10 19
3 48 11 20
3 49 10 19
3 50 15 14
3 51 19 15
3 52 15 19
3 53 20 16
3 54 15 17
3 55 10 14
3 56 18 10
3 57 13 17
3 58 15 13
3 59 19 18
3 60 12 11
3 61 11 13
3 62 12 19
3 63 15 14
3 64 14 15
3 65 19 12
3 66 19 11
3 67 12 16
3 68 11 15
3 69 14 20
3 70 15 19
3 71 14 19
3 72 10 16
3 73 13 18
3 74 19 16
3 75 12 18
3 76 19 12
3 77 16 12
3 78 11 13
3 79 17 12
3 80 15 16
3 81 16 12
3 82 14 10
3 83 13 20
3 84 11 20
3 85 18 17
3 86 11 19
3 87 15 12
3 88 13 15
3 89 13 13
3 90 10 14
3 91 17 11
3 92 15 16
3 93 11 12
3 94 10 20
3 95 19 10
3 96 10 14
3 97 10 12
3 98 18 16
3 99 17 11
4 5 996 990
4 6 996 996
4 7 999 991
4 8 20 19
4 9 12 20
4 10 13 13
4 11 13 13
4 12 13 13
4 13 18 12
4 14 15 20
4 15 12 12
4 16 18 19
4 17 19 15
4 18 14 17
4 19 17 10
4 20 15 19
4 21 15 11
4 22 14 10
4 23 15 10
4 24 17 15
4 25 18 18
4 26 15 10
4 27 16 18
4 28 10 18
4 29 15 11
4 30 12 18
4 31 19 18
4 32 19 18
4 33 11 13
4 34 12 14
4 35 17 18
4 36 12 15
4 37 16 18
4 38 11 16
4 39 14 19
4 40 17 16
4 41 16 18
4 42 15 12
4 43 19 18
4 44 14 14
4 45 20 19
4 46 16 12
4 47 14 16
4 48 12 17
4 49 18 19
4 50 19 17
4 51 13 17
4 52 14 19
4 53 14 17
4 54 15 17
4 55 19 15
4 56 18 12
4 57 16 12
4 58 20 17
4 59 13 14
4 60 19 18
4 61 18 14
4 62 16 16
4 63 13 17
4 64 12 19
4 65 10 17
4 66 12 10
4 67 14 14
4 68 18 15
4 69 11 15
4 70 17 15
4 71 17 19
4 72 11 17
4 73 14 13
4 74 12 13
4 75 18 11
4 76 17 12
4 77 17 12
4 78 17 11
4 79 10 14
4 80 15 20
4 81 15 15
4 82 19 19
4 83 14 17
4 84 11 19
4 85 12 10
4 86 15 13
4 87 15 12
4 88 11 13
4 89 14 16
4 90 14 12
4 91 18 17
4 92 14 17
4 93 18 13
4 94 20 17
4 95 16 20
4 96 17 10
4 97 13 12
4 98 20 10
4 99 17 11
5 6 998 1000
5 7 996 999
5 8 18 14
5 9 13 12
5 10 12 10
5 11 13 13
5 12 18 16
5 13 16 20
5 14 16 14
5 15 15 12
5 16 15 15
5 17 11 12
5 18 13 13
5 19 12 11
5 20 18 15
5 21 10 12
5 22 18 15
5 23 20 13
5 24 18 13
5 25 16 15
5 26 18 12
5 27 14 17
5 28 19 11
5 29 18 18
5 30 14 19
5 31 18 12
5 32 20 16
5 33 16 17
5 34 11 18
5 35 12 17
5 36 19 19
5 37 13 17
5 38 19 12
5 39 12 11
5 40 12 10
5 41 19 14
5 42 10 14
5 43 18 12
5 44 11 19
5 45 11 18
5 46 16 10
5 47 20 10
5 48 18 20
5 49 14 19
5 50 14 16
5 51 11 17
5 52 18 20
5 53 18 15
5 54 14 16
5 55 11 15
5 56 19 13
5 57 16 14
5 58 11 17
5 59 19 14
5 60 12 17
5 61 10 14
5 62 13 15
5 63 11 13
5 64 14 13
5 65 14 17
5 66 11 19
5 67 16 18
5 68 19 12
5 69 18 12
5 70 19 17
5 71 19 14
5 72 19 14
5 73 10 13
5 74 10 12
5 75 18 19
5 76 14 12
5 77 14 15
5 78 10 11
5 79 15 19
5 80 15 15
5 81 19 13
5 82 10 11
5 83 15 16
5 84 16 13
5 85 16 15
5 86 18 20
5 87 13 14
5 88 16 17
5 89 15 16
5 90 18 11
5 91 14 16
5 92 12 16
5 93 12 13
5 94 13 15
5 95 16 18
5 96 11 17
5 97 12 17
5 98 14 11
5 99 16 11
6 7 997 993
6 8 17 19
6 9 18 18
6 10 15 14
6 11 19 17
6 12 11 13
6 13 17 17
6 14 16 10
6 15 13 12
6 16 12 10
6 17 15 16
6 18 15 13
6 19 13 10
6 20 15 13
6 21 19 11
6 22 12 15
6 23 19 12
6 24 19 15
6 25 18 18
6 26 20 13
6 27 11 19
6 28 14 10
6 29 15 18
6 30 20 19
6 31 16 16
6 32 20 13
6 33 19 10
6 34 11 20
6 35 12 19
6 36 11 19
6 37 14 12
6 38 19 15
6 39 15 19
6 40 19 13
6 41 12 18
6 42 15 13
6 43 12 12
6 44 18 19
6 45 18 20
6 46 13 16
6 47 18 20
6 48 14 12
6 49 11 13
6 50 20 20
6 51 17 11
6 52 14 18
6 53 18 12
6 54 18 11
6 55 11 18
6 56 13 15
6 57 16 20
6 58 15 12
6 59 12 19
6 60 14 19
6 61 10 19
6 62 19 18
6 63 12 13
6 64 17 17
6 65 13 14
6 66 15 14
6 67 16 10
6 68 14 15
6 69 16 12
6 70 13 19
6 71 16 18
6 72 15 15
6 73 17 17
6 74 16 18
6 75 18 14
6 76 14 19
6 77 18 14
6 78 13 18
6 79 16 11
6 80 11 15
6 81 14 10
6 82 18 12
6 83 16 14
6 84 14 20
6 85 14 18
6 86 15 15
6 87 16 11
6 88 15 14
6 89 17 11
6 90 17 17
6 91 11 14
6 92 14 17
6 93 12 18
6 94 12 14
6 95 15 14
6 96 20 16
6 97 16 16
6 98 11 17
6 99 11 11
7 8 19 13
7 9 13 14
7 10 16 13
7 11 13 16
7 12 18 14
7 13 15 16
7 14 13 14
7 15 14 12
7 16 10 12
7 17 11 19
7 18 15 13
7 19 14 15
7 20 20 12
7 21 11 17
7 22 17 11
7 23 18 12
7 24 14 15
7 25 14 13
7 26 13 14
7 27 19 12
7 28 18 18
7 29 12 15
7 30 12 15
7 31 18 15
7 32 19 12
7 33 17 14
7 34 16 15
7 35 16 11
7 36 14 18
7 37 19 16
7 38 12 18
7 39 11 18
7 40 15 13
7 41 20 15
7 42 12 13
7 43 17 12
7 44 13 12
7 45 20 19
7 46 13 16
7 47 17 15
7 48 11 13
7 49 18 15
7 50 15 19
7 51 13 14
7 52 16 18
7 53 17 17
7 54 12 15
7 55 20 13
7 56 14 18
7 57 17 16
7 58 13 16
7 59 14 11
7 60 14 13
7 61 12 19
7 62 19 13
7 63 16 17
7 64 12 14
7 65 15 10
7 66 11 19
7 67 16 13
7 68 13 20
7 69 15 15
7 70 18 13
7 71 14 14
7 72 19 14
7 73 14 13
7 74 18 19
7 75 17 14
7 76 13 11
7 77 14 10
7 78 20 14
7 79 11 11
7 80 16 14
7 81 10 15
7 82 17 10
7 83 11 18
7 84 14 17
7 85 18 15
7 86 19 11
7 87 15 17
7 88 12 12
7 89 13 10
7 90 13 12
7 91 16 11
7 92 10 15
7 93 19 11
7 94 12 18
7 95 14 20
7 96 11 18
7 97 18 12
7 98 12 15
7 99 18 16
8 9 995 994
8 10 999 993
8 11 997 998
8 12 15 18
8 13 15 14
8 14 15 19
8 15 19 10
8 16 13 13
8 17 20 14
8 18 16 15
8 19 11 14
8 20 15 16
8 21 15 18
8 22 14 13
8 23 20 19
8 24 19 19
8 25 19 15
8 26 17 16
8 27 12 11
8 28 20 12
8 29 18 13
8 30 14 19
8 31 17 18
8 32 11 14
8 33 14 12
8 34 19 16
8 35 19 18
8 36 15 13
8 37 19 18
8 38 17 19
8 39 18 13
8 40 18 13
8 41 14 19
8 42 19 13
8 43 13 17
8 44 19 15
8 45 15 14
8 46 18 18
8 47 11 12
8 48 18 19
8 49 19 12
8 50 17 13
8 51 16 15
8 52 17 18
8 53 13 13
8 54 14 18
8 55 18 10
8 56 19 16
8 57 14 18
8 58 19 16
8 59 11 19
8 60 14 14
8 61 15 12
8 62 14 11
8 63 14 20
8 64 15 18
8 65 17 19
8 66 19 13
8 67 15 12
8 68 13 14
8 69 17 19
8 70 17 11
8 71 18 17
8 72 15 19
8 73 13 15
8 74 15 16
8 75 16 12
8 76 19 20
8 77 11 17
8 78 17 17
8 79 19 12
8 80 13 13
8 81 16 17
8 82 15 15
8 83 16 12
8 84 11 18
8 85 19 15
8 86 13 12
8 87 11 18
8 88 16 13
8 89 11 10
8 90 17 20
8 91 19 16
8 92 12 16
8 93 20 20
8 94 20 19
8 95 18 13
8 96 14 17
8 97 20 11
8 98 15 17
8 99 18 18
9 10 993 992
9 11 991 1000
9 12 13 12
9 13 18 15
9 14 17 18
9 15 15 17
9 16 14 17
9 17 18 12
9 18 19 16
9 19 15 19
9 20 12 17
9 21 12 18
9 22 14 13
9 23 19 14
9 24 12 11
9 25 12 19
9 26 18 15
9 27 18 14
9 28 13 15
9 29 11 14
9 30 12 13
9 31 19 13
9 32 12 14
9 33 10 16
9 34 12 18
9 35 10 19
9 36 10 12
9 37 17 17
9 38 17 11
9 39 13 19
9 40 15 13
9 41 11 18
9 42 16 10
9 43 16 19
9 44 10 18
9 45 16 19
9 46 14 11
9 47 12 12
9 48 16 10
9 49 16 14
9 50 19 12
9 51 15 18
9 52 19 12
9 53 13 17
9 54 15 20
9 55 16 13
9 56 13 13
9 57 11 11
9 58 17 11
9 59 13 15
9 60 16 11
9 61 11 18
9 62 17 13
9 63 18 14
9 64 18 20
9 65 16 11
9 66 19 19
9 67 10 17
9 68 11 12
9 69 17 11
9 70 13 17
9 71 19 16
9 72 14 13
9 73 16 20
9 74 19 10
9 75 12 19
9 76 15 20
9 77 20 14
9 78 14 16
9 79 14 12
9 80 17 14
9 81 12 14
9 82 12 11
9 83 16 11
9 84 20 13
9 85 15 15
9 86 14 17
9 87 13 17
9 88 17 17
9 89 15 18
9 90 12 15
9 91 16 18
9 92 11 16
9 93 17 17
9 94 18 12
9 95 12 20
9 96 18 18
9 97 16 17
9 98 13 18
9 99 12 12
10 11 995 991
10 12 13 10
10 13 13 16
10 14 19 16
10 15 13 13
10 16 19 18
10 17 11 10
10 18 18 18
10 19 16 13
10 20 19 12
10 21 11 15
10 22 19 13
10 23 12 20
10 24 17 19
10 25 16 13
10 26 19 18
10 27 12 19
10 28 16 11
10 29 20 14
10 30 19 13
10 31 19 13
10 32 20 20
10 33 20 11
10 34 18 14
10 35 15 19
10 36 13 12
10 37 14 17
10 38 18 13
10 39 14 14
10 40 19 19
10 41 13 18
10 42 12 17
10 43 12 15
10 44 10 12
10 45 13 19
10 46 15 14
10 47 13 16
10 48 18 20
10 49 16 14
10 50 13 19
10 51 18 20
10 52 16 11
10 53 19 13
10 54 14 17
10 55 20 13
10 56 12 19
10 57 14 15
10 58 18 18
10 59 12 16
10 60 13 11
10 61 18 19
10 62 12 16
10 63 12 16
10 64 16 16
10 65 16 18
10 66 16 20
10 67 12 12
10 68 19 16
10 69 10 19
10 70 11 13
10 71 17 14
10 72 20 20
10 73 13 18
10 74 12 17
10 75 20 11
10 76 16 14
10 77 15 11
10 78 14 19
10 79 16 19
10 80 17 19
10 81 15 16
10 82 14 11
10 83 11 13
10 84 16 11
10 85 12 10
10 86 16 18
10 87 10 15
10 88 18 13
10 89 15 16
10 90 18 14
10 91 14 18
10 92 16 19
10 93 15 19
10 94 12 12
10 95 17 18
10 96 16 18
10 97 14 12
10 98 16 19
10 99 10 11
11 12 12 11
11 13 11 11
11 14 16 18
11 15 17 20
11 16 18 19
11 17 11 18
11 18 16 18
11 19 12 14
11 20 20 12
11 21 20 12
11 22 12 12
11 23 17 14
11 24 15 14
11 25 14 17
11 26 15 16
11 27 19 14
11 28 18 20
11 29 15 17
11 30 11 17
11 31 18 11
11 32 19 19
11 33 17 14
11 34 11 13
11 35 19 16
11 36 10 17
11 37 19 17
11 38 10 14
11 39 17 14
11 40 13 10
11 41 19 14
11 42 11 18
11 43 13 16
11 44 12 17
11 45 17 17
11 46 12 13
11 47 16 17
11 48 19 17
11 49 12 13
11 50 19 16
11 51 18 19
11 52 18 19
11 53 19 13
11 54 16 15
11 55 13 11
11 56 19 12
11 57 19 16
11 58 16 16
11 59 19 18
11 60 13 14
11 61 18 18
11 62 14 11
11 63 17 18
11 64 12 18
11 65 14 17
11 66 12 13
11 67 20 10
11 68 15 11
11 69 18 12
11 70 12 16
11 71 17 16
11 72 19 11
11 73 14 13
11 74 13 13
11 75 15 15
11 76 16 12
11 77 14 16
11 78 17 16
11 79 12 16
11 80 18 19
11 81 16 18
11 82 18 16
11 83 11 17
11 84 12 12
11 85 18 15
11 86 13 19
11 87 17 12
11 88 12 13
11 89 18 18
11 90 18 13
11 91 18 11
11 92 11 18
11 93 19 13
11 94 18 18
11 95 18 19
11 96 18 15
11 97 16 16
11 98 13 12
11 99 20 18
12 13 996 1000
12 14 996 993
12 15 999 993
12 16 14 16
12 17 14 16
12 18 18 15
12 19 19 19
12 20 15 19
12 21 16 11
12 22 12 15
12 23 19 18
12 24 13 14
12 25 17 18
12 26 17 16
12 27 16 12
12 28 20 16
12 29 18 19
12 30 17 19
12 31 17 17
12 32 12 10
12 33 15 13
12 34 13 20
12 35 12 11
12 36 15 15
12 37 11 18
12 38 13 18
12 39 19 11
12 40 13 16
12 41 17 15
12 42 10 17
12 43 10 14
12 44 10 10
12 45 13 18
12 46 11 11
12 47 12 15
12 48 14 13
12 49 15 19
12 50 19 13
12 51 20 19
12 52 19 12
12 53 20 18
12 54 13 15
12 55 14 13
12 56 12 16
12 57 12 13
12 58 12 16
12 59 16 18
12 60 19 11
12 61 11 13
12 62 19 18
12 63 17 18
12 64 20 20
12 65 20 10
12 66 12 16
12 67 15 12
12 68 15 15
12 69 12 11
12 70 12 10
12 71 16 11
12 72 19 12
12 73 13 18
12 74 12 12
12 75 17 16
12 76 13 18
12 77 15 18
12 78 14 18
12 79 10 13
12 80 10 14
12 81 19 12
12 82 17 16
12 83 15 19
12 84 18 14
12 85 20 17
12 86 11 19
12 87 16 18
12 88 13 17
12 89 19 17
12 90 12 17
12 91 20 12
12 92 18 12
12 93 13 11
12 94 15 11
12 95 19 18
12 96 15 13
12 97 13 17
12 98 20 16
12 99 13 20
13 14 991 997
13 15 990 990
13 16 16 13
13 17 13 17
13 18 17 17
13 19 18 13
13 20 19 19
13 21 16 15
13 22 12 17
13 23 17 16
13 24 11 13
13 25 15 11
13 26 12 10
13 27 12 13
13 28 11 10
13 29 19 18
13 30 17 17
13 31 10 17
13 32 13 11
13 33 20 15
13 34 12 16
13 35 17 12
13 36 18 19
13 37 12 14
13 38 12 15
13 39 18 16
13 40 18 19
13 41 17 10
13 42 17 16
13 43 11 18
13 44 19 20
13 45 14 14
13 46 15 17
13 47 19 20
13 48 14 11
13 49 11 12
13 50 19 17
13 51 11 12
13 52 16 13
13 53 11 13
13 54 19 17
13 55 12 20
13 56 16 19
13 57 16 15
13 58 19 16
13 59 15 16
13 60 10 18
13 61 11 14
13 62 20 16
13 63 18 20
13 64 14 12
13 65 12 19
13 66 17 13
13 67 13 11
13 68 16 11
13 69 16 20
13 70 12 15
13 71 19 13
13 72 10 17
13 73 17 17
13 74 16 15
13 75 14 15
13 76 20 14
13 77 19 13
13 78 14 13
13 79 19 13
13 80 18 14
13 81 18 19
13 82 13 19
13 83 10 12
13 84 18 15
13 85 13 15
13 86 14 14
13 87 13 15
13 88 18 11
13 89 20 18
13 90 16 19
13 91 19 13
13 92 19 14
13 93 19 13
13 94 11 15
13 95 19 17
13 96 13 10
13 97 16 11
13 98 11 18
13 99 12 19
14 15 999 996
14 16 16 19
14 17 18 10
14 18 15 16
14 19 20 11
14 20 12 15
14 21 12 19
14 22 18 12
14 23 13 18
14 24 10 15
14 25 13 15
14 26 13 14
14 27 19 14
14 28 10 12
14 29 10 12
14 30 16 18
14 31 15 14
14 32 11 11
14 33 13 17
14 34 19 20
14 35 17 18
14 36 19 15
14 37 19 13
14 38 19 20
14 39 19 17
14 40 12 16
14 41 17 12
14 42 15 11
14 43 15 17
14 44 15 16
14 45 20 16
14 46 18 18
14 47 13 19
14 48 18 13
14 49 12 17
14 50 11 18
14 51 15 15
14 52 19 20
14 53 11 14
14 54 11 12
14 55 11 12
14 56 13 10
14 57 12 18
14 58 18 17
14 59 12 16
14 60 13 13
14 61 12 16
14 62 20 15
14 63 13 11
14 64 18 13
14 65 13 11
14 66 14 18
14 67 13 15
14 68 16 18
14 69 11 16
14 70 16 15
14 71 18 12
14 72 15 20
14 73 16 12
14 74 18 12
14 75 12 18
14 76 15 13
14 77 15 14
14 78 12 15
14 79 12 15
14 80 17 12
14 81 16 11
14 82 11 17
14 83 17 15
14 84 15 15
14 85 18 15
14 86 15 14
14 87 12 10
14 88 16 18
14 89 16 12
14 90 19 17
14 91 18 17
14 92 11 16
14 93 19 15
14 94 19 18
14 95 11 14
14 96 20 19
14 97 11 17
14 98 15 16
14 99 15 19
15 16 15 15
15 17 10 11
15 18 15 13
15 19 11 10
15 20 17 13
15 21 18 12
15 22 13 15
15 23 17 19
15 24 13 20
15 25 15 14
15 26 16 17
15 27 20 16
15 28 16 17
15 29 11 20
15 30 16 16
15 31 10 19
15 32 20 12
15 33 17 13
15 34 13 17
15 35 15 13
15 36 18 18
15 37 18 14
15 38 14 10
15 39 11 14
15 40 16 15
15 41 18 19
15 42 15 19
15 43 12 15
15 44 14 20
15 45 16 16
15 46 14 18
15 47 16 19
15 48 17 19
15 49 13 16
15 50 20 19
15 51 17 15
15 52 16 15
15 53 13 17
15 54 14 17
15 55 13 14
15 56 11 13
15 57 15 14
15 58 13 20
15 59 11 17
15 60 16 11
15 61 10 15
15 62 11 14
15 63 13 19
15 64 17 19
15 65 15 14
15 66 18 17
15 67 18 14
15 68 12 15
15 69 11 19
15 70 18 19
15 71 15 16
15 72 16 14
15 73 10 20
15 74 16 14
15 75 12 19
15 76 19 15
15 77 13 11
15 78 12 14
15 79 11 16
15 80 18 14
15 81 15 12
15 82 11 18
15 83 18 18
15 84 13 16
15 85 12 10
15 86 19 17
15 87 19 18
15 88 20 14
15 89 17 17
15 90 10 11
15 91 14 14
15 92 17 16
15 93 12 16
15 94 14 10
15 95 12 13
15 96 15 19
15 97 18 17
15 98 19 14
15 99 17 10
16 17 993 994
16 18 998 995
16 19 996 995
16 20 12 11
16 21 18 19
16 22 16 11
16 23 14 14
16 24 19 19
16 25 14 12
16 26 18 13
16 27 17 11
16 28 20 12
16 29 20 16
16 30 17 19
16 31 15 19
16 32 19 16
16 33 12 18
16 34 20 13
16 35 14 10
16 36 19 16
16 37 11 19
16 38 18 13
16 39 15 13
16 40 16 17
16 41 16 16
16 42 15 11
16 43 17 11
16 44 19 17
16 45 19 12
16 46 19 19
16 47 16 16
16 48 12 18
16 49 17 19
16 50 14 12
16 51 15 13
16 52 19 18
16 53 17 18
16 54 19 11
16 55 15 14
16 56 12 12
16 57 16 12
16 58 14 13
16 59 12 20
16 60 13 14
16 61 14 20
16 62 18 18
16 63 13 14
16 64 16 13
16 65 13 14
16 66 16 15
16 67 12 20
16 68 19 13
16 69 15 13
16 70 10 16
16 71 10 12
16 72 14 17
16 73 10 15
16 74 14 11
16 75 11 18
16 76 16 12
16 77 12 18
16 78 20 18
16 79 19 12
16 80 15 14
16 81 13 18
16 82 16 19
16 83 17 19
16 84 16 12
16 85 10 18
16 86 19 17
16 87 17 15
16 88 19 16
16 89 19 14
16 90 14 15
16 91 14 12
16 92 11 20
16 93 11 16
16 94 12 11
16 95 18 18
16 96 13 15
16 97 13 15
16 98 11 14
16 99 18 18
17 18 995 990
17 19 998 997
17 20 15 13
17 21 13 20
17 22 11 19
17 23 14 15
17 24 14 17
17 25 11 13
17 26 17 19
17 27 11 14
17 28 19 20
17 29 15 15
17 30 14 16
17 31 11 13
17 32 11 18
17 33 19 15
17 34 13 10
17 35 10 19
17 36 20 19
17 37 18 10
17 38 10 19
17 39 16 14
17 40 17 11
17 41 17 10
17 42 16 18
17 43 13 17
17 44 17 15
17 45 12 20
17 46 16 15
17 47 18 17
17 48 12 19
17 49 15 17
17 50 15 13
17 51 14 19
17 52 12 10
17 53 20 18
17 54 18 13
17 55 16 17
17 56 18 14
17 57 18 11
17 58 11 13
17 59 18 15
17 60 15 11
17 61 18 18
17 62 12 10
17 63 13 14
17 64 18 13
17 65 10 11
17 66 12 12
17 67 14 16
17 68 12 10
17 69 15 13
17 70 16 13
17 71 19 19
17 72 15 13
17 73 17 16
17 74 16 15
17 75 12 11
17 76 19 12
17 77 14 17
17 78 17 13
17 79 10 12
17 80 20 13
17 81 17 17
17 82 10 15
17 83 11 19
17 84 12 12
17 85 18 16
17 86 15 18
17 87 18 18
17 88 14 12
17 89 17 12
17 90 15 13
17 91 15 18
17 92 14 11
17 93 20 17
17 94 15 19
17 95 18 14
17 96 18 16
17 97 10 18
17 98 18 14
17 99 10 19
18 19 992 997
18 20 16 10
18 21 15 18
18 22 18 13
18 23 17 19
18 24 11 15
18 25 15 15
18 26 19 16
18 27 20 11
18 28 11 12
18 29 17 11
18 30 17 17
18 31 12 15
18 32 19 12
18 33 19 19
18 34 15 17
18 35 11 13
18 36 17 15
18 37 16 16
18 38 19 18
18 39 18 15
18 40 11 15
18 41 16 10
18 42 13 19
18 43 19 12
18 44 14 17
18 45 17 18
18 46 14 18
18 47 16 20
18 48 19 17
18 49 14 16
18 50 11 12
18 51 19 17
18 52 12 18
18 53 16 11
18 54 15 12
18 55 11 14
18 56 13 15
18 57 16 20
18 58 14 18
18 59 19 11
18 60 14 11
18 61 18 11
18 62 17 13
18 63 14 15
18 64 17 16
18 65 10 19
18 66 19 16
18 67 19 15
18 68 10 14
18 69 11 18
18 70 19 14
18 71 18 13
18 72 17 10
18 73 13 10
18 74 10 10
18 75 13 17
18 76 11 13
18 77 12 16
18 78 13 15
18 79 11 13
18 80 11 11
18 81 12 16
18 82 19 19
18 83 14 15
18 84 16 14
18 85 19 10
18 86 15 19
18 87 17 16
18 88 20 15
18 89 16 16
18 90 12 17
18 91 10 16
18 92 18 17
18 93 13 17
18 94 14 13
18 95 18 14
18 96 15 14
18 97 13 16
18 98 12 13
18 99 12 20
19 20 19 18
19 21 15 19
19 22 19 13
19 23 11 17
19 24 12 18
19 25 11 16
19 26 18 13
19 27 16 19
19 28 13 13
19 29 18 15
19 30 20 17
19 31 12 19
19 32 12 11
19 33 17 16
19 34 18 17
19 35 16 17
19 36 19 19
19 37 12 10
19 38 13 17
19 39 13 17
19 40 10 11
19 41 18 11
19 42 14 18
19 43 11 11
19 44 10 13
19 45 18 15
19 46 17 14
19 47 16 16
19 48 15 10
19 49 12 12
19 50 11 14
19 51 13 18
19 52 11 15
19 53 12 11
19 54 14 11
19 55 12 16
19 56 16 17
19 57 20 14
19 58 13 17
19 59 13 13
19 60 14 17
19 61 15 17
19 62 10 13
19 63 18 14
19 64 16 20
19 65 19 14
19 66 17 12
19 67 13 15
19 68 17 15
19 69 15 15
19 70 19 10
19 71 19 10
19 72 12 15
19 73 15 17
19 74 20 14
19 75 14 13
19 76 12 12
19 77 16 13
19 78 11 12
19 79 16 14
19 80 11 10
19 81 10 18
19 82 14 20
19 83 15 11
19 84 11 11
19 85 17 16
19 86 12 13
19 87 10 14
19 88 15 17
19 89 18 16
19 90 20 19
19 91 17 20
19 92 17 18
19 93 13 17
19 94 16 13
19 95 20 15
19 96 16 11
19 97 11 16
19 98 15 18
19 99 16 20
20 21 997 1000
20 22 990 996
20 23 991 993
20 24 19 12
20 25 11 16
20 26 11 12
20 27 15 15
20 28 13 17
20 29 15 13
20 30 20 17
20 31 15 19
20 32 17 13
20 33 14 14
20 34 13 15
20 35 16 17
20 36 15 16
20 37 20 11
20 38 14 14
20 39 12 14
20 40 15 12
20 41 10 20
20 42 19 12
20 43 11 12
20 44 13 15
20 45 16 11
20 46 13 10
20 47 13 18
20 48 17 16
20 49 11 13
20 50 10 16
20 51 16 11
20 52 14 15
20 53 11 17
20 54 19 11
20 55 18 10
20 56 16 16
20 57 16 10
20 58 17 18
20 59 19 12
20 60 17 10
20 61 13 10
20 62 15 19
20 63 14 18
20 64 17 10
20 65 19 16
20 66 16 14
20 67 18 14
20 68 15 13
20 69 10 19
20 70 16 18
20 71 17 12
20 72 11 17
20 73 11 19
20 74 19 12
20 75 17 13
20 76 16 14
20 77 12 14
20 78 16 19
20 79 12 11
20 80 16 15
20 81 13 18
20 82 13 16
20 83 16 15
20 84 18 13
20 85 15 17
20 86 16 10
20 87 14 15
20 88 19 19
20 89 18 13
20 90 19 14
20 91 16 11
20 92 17 17
20 93 19 16
20 94 11 16
20 95 10 16
20 96 12 16
20 97 12 20
20 98 18 11
20 99 14 18
21 22 997 991
21 23 993 994
21 24 10 17
21 25 18 12
21 26 16 12
21 27 11 17
21 28 15 10
21 29 13 15
21 30 14 19
21 31 16 13
21 32 18 16
21 33 12 12
21 34 16 19
21 35 15 19
21 36 20 20
21 37 10 18
21 38 12 15
21 39 14 20
21 40 18 20
21 41 16 18
21 42 19 15
21 43 17 19
21 44 14 16
21 45 14 13
21 46 12 13
21 47 14 13
21 48 16 15
21 49 10 10
21 50 14 13
21 51 16 14
21 52 13 11
21 53 13 10
21 54 10 15
21 55 12 15
21 56 15 11
21 57 14 11
21 58 16 17
21 59 19 19
21 60 16 12
21 61 20 16
21 62 11 15
21 63 16 20
21 64 12 10
21 65 16 11
21 66 12 19
21 67 13 15
21 68 18 17
21 69 19 14
21 70 16 19
21 71 19 16
21 72 13 13
21 73 10 15
21 74 15 19
21 75 17 20
21 76 15 14
21 77 20 11
21 78 15 19
21 79 10 13
21 80 18 12
21 81 17 11
21 82 12 16
21 83 19 12
21 84 13 12
21 85 14 12
21 86 19 14
21 87 18 15
21 88 11 11
21 89 12 12
21 90 16 16
21 91 12 17
21 92 10 13
21 93 13 13
21 94 11 20
21 95 16 14
21 96 19 12
21 97 10 19
21 98 19 11
21 99 14 15
22 23 993 994
22 24 15 16
22 25 13 10
22 26 16 13
22 27 16 15
22 28 18 12
22 29 19 12
22 30 13 15
22 31 14 19
22 32 13 12
22 33 11 11
22 34 15 11
22 35 11 11
22 36 19 18
22 37 17 17
22 38 18 18
22 39 18 16
22 40 16 16
22 41 13 18
22 42 17 19
22 43 14 11
22 44 15 16
22 45 18 10
22 46 12 11
22 47 12 11
22 48 11 19
22 49 12 12
22 50 12 15
22 51 14 17
22 52 19 11
22 53 16 15
22 54 16 13
22 55 18 19
22 56 16 11
22 57 15 14
22 58 15 11
22 59 14 11
22 60 16 16
22 61 10 13
22 62 14 11
22 63 18 18
22 64 19 20
22 65 16 17
22 66 12 17
22 67 12 19
22 68 11 19
22 69 12 13
22 70 18 19
22 71 14 14
22 72 19 19
22 73 17 16
22 74 19 14
22 75 12 13
22 76 16 14
22 77 11 16
22 78 15 11
22 79 16 12
22 80 18 19
22 81 16 18
22 82 17 12
22 83 15 14
22 84 15 13
22 85 15 18
22 86 13 17
22 87 11 14
22 88 16 17
22 89 15 18
22 90 17 11
22 91 12 12
22 92 16 19
22 93 10 11
22 94 18 20
22 95 17 16
22 96 16 17
22 97 14 17
22 98 13 16
22 99 17 13
23 24 15 18
23 25 15 17
23 26 16 11
23 27 12 16
23 28 14 14
23 29 12 17
23 30 18 14
23 31 18 15
23 32 17 16
23 33 15 18
23 34 17 17
23 35 16 14
23 36 17 16
23 37 17 17
23 38 14 14
23 39 11 12
23 40 11 17
23 41 12 11
23 42 18 17
23 43 14 17
23 44 14 14
23 45 13 16
23 46 13 14
23 47 11 11
23 48 15 17
23 49 13 11
23 50 17 11
23 51 16 16
23 52 19 13
23 53 11 16
23 54 17 11
23 55 12 17
23 56 19 14
23 57 13 15
23 58 16 10
23 59 13 17
23 60 19 10
23 61 19 12
23 62 13 11
23 63 17 10
23 64 11 14
23 65 17 15
23 66 17 13
23 67 12 14
23 68 13 11
23 69 10 14
23 70 10 11
23 71 16 19
23 72 14 15
23 73 13 11
23 74 14 13
23 75 17 11
23 76 14 10
23 77 13 17
23 78 11 10
23 79 14 12
23 80 11 15
23 81 14 19
23 82 17 13
23 83 17 18
23 84 12 19
23 85 12 13
23 86 19 15
23 87 17 11
23 88 15 15
23 89 12 19
23 90 11 11
23 91 18 13
23 92 19 19
23 93 11 12
23 94 13 19
23 95 12 14
23 96 18 14
23 97 18 15
23 98 13 17
23 99 13 17
24 25 997 995
24 26 992 990
24 27 994 996
24 28 19 17
24 29 17 16
24 30 20 17
24 31 16 15
24 32 20 15
24 33 10 11
24 34 18 12
24 35 15 19
24 36 16 14
24 37 11 17
24 38 19 18
24 39 10 18
24 40 17 12
24 41 13 16
24 42 13 14
24 43 18 16
24 44 14 17
24 45 18 15
24 46 18 19
24 47 10 15
24 48 18 12
24 49 13 20
24 50 18 16
24 51 16 18
24 52 17 10
24 53 11 17
24 54 19 16
24 55 18 12
24 56 11 18
24 57 10 14
24 58 11 17
24 59 13 12
24 60 12 11
24 61 17 10
24 62 14 11
24 63 12 13
24 64 18 12
24 65 14 14
24 66 12 11
24 67 15 14
24 68 15 13
24 69 18 19
24 70 13 19
24 71 17 12
24 72 18 19
24 73 13 16
24 74 17 18
24 75 15 19
24 76 15 14
24 77 17 12
24 78 10 20
24 79 18 18
24 80 10 13
24 81 13 18
24 82 16 19
24 83 13 17
24 84 18 18
24 85 13 13
24 86 14 17
24 87 11 18
24 88 12 10
24 89 19 19
24 90 17 19
24 91 15 14
24 92 11 14
24 93 12 17
24 94 20 14
24 95 10 11
24 96 14 14
24 97 13 15
24 98 13 10
24 99 13 15
25 26 991 995
25 27 995 997
25 28 18 13
25 29 11 11
25 30 19 12
25 31 13 17
25 32 16 14
25 33 13 15
25 34 19 20
25 35 14 19
25 36 18 13
25 37 14 19
25 38 14 12
25 39 18 15
25 40 16 12
25 41 14 17
25 42 17 17
25 43 16 14
25 44 16 11
25 45 17 14
25 46 17 17
25 47 18 19
25 48 19 17
25 49 11 17
25 50 17 16
25 51 15 14
25 52 18 16
25 53 11 14
25 54 19 16
25 55 11 15
25 56 13 12
25 57 16 12
25 58 12 10
25 59 13 13
25 60 16 16
25 61 17 17
25 62 16 16
25 63 17 10
25 64 19 19
25 65 11 13
25 66 15 14
25 67 19 20
25 68 15 10
25 69 17 18
25 70 11 15
25 71 11 16
25 72 18 20
25 73 20 14
25 74 12 16
25 75 12 10
25 76 20 17
25 77 14 17
25 78 12 17
25 79 11 13
25 80 14 11
25 81 20 19
25 82 13 15
25 83 13 12
25 84 13 13
25 85 15 14
25 86 11 11
25 87 11 15
25 88 14 13
25 89 11 16
25 90 19 16
25 91 12 14
25 92 11 18
25 93 18 15
25 94 12 14
25 95 16 11
25 96 15 14
25 97 14 13
25 98 16 11
25 99 12 19
26 27 994 991
26 28 15 16
26 29 16 11
26 30 14 14
26 31 15 18
26 32 14 16
26 33 19 10
26 34 16 17
26 35 19 14
26 36 16 11
26 37 14 12
26 38 18 11
26 39 11 19
26 40 18 11
26 41 16 11
26 42 19 20
26 43 17 14
26 44 17 16
26 45 20 15
26 46 15 12
26 47 15 20
26 48 16 13
26 49 17 14
26 50 18 11
26 51 17 17
26 52 17 20
26 53 15 13
26 54 14 20
26 55 12 12
26 56 17 17
26 57 18 13
26 58 11 13
26 59 13 19
26 60 12 19
26 61 18 18
26 62 13 12
26 63 17 13
26 64 15 14
26 65 17 14
26 66 18 15
26 67 14 12
26 68 16 14
26 69 12 13
26 70 16 12
26 71 15 13
26 72 20 15
26 73 18 11
26 74 13 16
26 75 18 14
26 76 19 14
26 77 12 19
26 78 12 14
26 79 18 14
26 80 11 14
26 81 16 11
26 82 12 14
26 83 15 20
26 84 11 15
26 85 19 17
26 86 11 16
26 87 17 11
26 88 11 19
26 89 11 18
26 90 11 16
26 91 11 19
26 92 18 17
26 93 19 14
26 94 16 18
26 95 11 11
26 96 18 16
26 97 12 18
26 98 15 10
26 99 19 15
27 28 18 10
27 29 16 12
27 30 16 19
27 31 17 18
27 32 12 17
27 33 13 16
27 34 11 14
27 35 11 10
27 36 16 14
27 37 15 16
27 38 19 14
27 39 20 13
27 40 11 15
27 41 16 19
27 42 14 14
27 43 18 19
27 44 12 18
27 45 15 15
27 46 14 16
27 47 11 18
27 48 16 16
27 49 20 17
27 50 18 15
27 51 17 19
27 52 18 20
27 53 18 17
27 54 10 13
27 55 17 12
27 56 17 14
27 57 16 14
27 58 19 17
27 59 18 18
27 60 18 16
27 61 17 13
27 62 16 14
27 63 14 15
27 64 16 17
27 65 11 11
27 66 15 15
27 67 20 16
27 68 18 14
27 69 18 15
27 70 11 10
27 71 18 10
27 72 13 19
27 73 13 18
27 74 15 18
27 75 18 12
27 76 15 10
27 77 15 14
27 78 12 18
27 79 15 19
27 80 14 19
27 81 11 10
27 82 16 12
27 83 13 16
27 84 13 17
27 85 11 13
27 86 16 19
27 87 10 14
27 88 13 17
27 89 19 13
27 90 12 13
27 91 10 15
27 92 12 16
27 93 17 17
27 94 10 14
27 95 15 20
27 96 15 19
27 97 12 19
27 98 12 18
27 99 17 20
28 29 995 997
28 30 997 997
28 31 993 999
28 32 15 14
28 33 15 10
28 34 15 11
28 35 18 16
28 36 18 13
28 37 18 11
28 38 12 14
28 39 14 20
28 40 11 16
28 41 19 14
28 42 15 12
28 43 17 13
28 44 10 17
28 45 20 17
28 46 13 13
28 47 15 15
28 48 12 20
28 49 17 12
28 50 16 13
28 51 18 11
28 52 17 16
28 53 19 18
28 54 18 16
28 55 11 14
28 56 19 11
28 57 15 12
28 58 11 17
28 59 14 18
28 60 19 19
28 61 11 14
28 62 14 19
28 63 19 13
28 64 20 15
28 65 16 16
28 66 17 14
28 67 11 19
28 68 19 16
28 69 11 14
28 70 18 11
28 71 11 18
28 72 12 13
28 73 13 12
28 74 10 15
28 75 10 10
28 76 17 16
28 77 17 14
28 78 14 16
28 79 18 12
28 80 13 11
28 81 12 16
28 82 14 17
28 83 12 18
28 84 11 14
28 85 18 10
28 86 15 19
28 87 12 17
28 88 20 11
28 89 16 12
28 90 12 19
28 91 10 14
28 92 19 15
28 93 12 15
28 94 13 18
28 95 18 15
28 96 19 15
28 97 12 15
28 98 16 16
28 99 19 13
29 30 997 996
29 31 997 998
29 32 18 13
29 33 18 19
29 34 13 10
29 35 17 15
29 36 10 12
29 37 18 15
29 38 16 18
29 39 11 19
29 40 12 19
29 41 10 11
29 42 18 12
29 43 11 10
29 44 12 13
29 45 11 17
29 46 15 16
29 47 19 16
29 48 17 12
29 49 19 13
29 50 11 13
29 51 15 19
29 52 15 13
29 53 19 15
29 54 12 16
29 55 11 15
29 56 11 20
29 57 13 12
29 58 10 19
29 59 12 19
29 60 12 19
29 61 20 17
29 62 20 18
29 63 11 13
29 64 11 14
29 65 15 11
29 66 17 14
29 67 16 17
29 68 14 11
29 69 17 17
29 70 18 19
29 71 20 13
29 72 18 19
29 73 17 11
29 74 16 11
29 75 14 12
29 76 15 20
29 77 14 20
29 78 14 17
29 79 10 12
29 80 12 18
29 81 19 14
29 82 12 13
29 83 12 19
29 84 10 15
29 85 11 13
29 86 14 11
29 87 11 14
29 88 20 12
29 89 11 14
29 90 18 13
29 91 10 19
29 92 16 15
29 93 12 12
29 94 17 15
29 95 19 13
29 96 12 13
29 97 12 13
29 98 14 14
29 99 14 17
30 31 991 994
30 32 10 16
30 33 20 17
30 34 15 15
30 35 15 17
30 36 11 12
30 37 15 16
30 38 11 11
30 39 19 18
30 40 18 11
30 41 16 18
30 42 18 18
30 43 16 17
30 44 18 11
30 45 14 19
30 46 10 18
30 47 12 14
30 48 15 17
30 49 18 15
30 50 13 18
30 51 15 16
30 52 12 16
30 53 19 12
30 54 16 13
30 55 16 20
30 56 13 14
30 57 16 20
30 58 16 19
30 59 19 13
30 60 11 19
30 61 14 10
30 62 17 11
30 63 19 18
30 64 12 16
30 65 15 18
30 66 10 15
30 67 10 15
30 68 16 18
30 69 17 18
30 70 15 19
30 71 17 13
30 72 19 15
30 73 17 19
30 74 16 15
30 75 10 10
30 76 19 18
30 77 18 20
30 78 16 15
30 79 13 16
30 80 14 14
30 81 15 17
30 82 18 12
30 83 13 12
30 84 11 13
30 85 16 14
30 86 15 10
30 87 17 20
30 88 18 20
30 89 12 18
30 90 13 18
30 91 17 13
30 92 12 13
30 93 13 19
30 94 17 13
30 95 15 18
30 96 18 14
30 97 16 14
30 98 10 16
30 99 14 16
31 32 16 17
31 33 19 19
31 34 18 14
31 35 10 16
31 36 14 14
31 37 13 12
31 38 17 18
31 39 19 13
31 40 13 17
31 41 16 18
31 42 18 18
31 43 12 12
31 44 12 10
31 45 13 18
31 46 12 17
31 47 18 18
31 48 19 20
31 49 19 18
31 50 10 17
31 51 12 19
31 52 18 17
31 53 19 15
31 54 11 18
31 55 16 19
31 56 14 17
31 57 13 11
31 58 10 12
31 59 17 15
31 60 10 10
31 61 18 18
31 62 18 17
31 63 11 15
31 64 17 13
31 65 12 20
31 66 14 17
31 67 14 18
31 68 12 13
31 69 14 19
31 70 17 15
31 71 12 18
31 72 16 12
31 73 18 20
31 74 12 13
31 75 18 11
31 76 10 14
31 77 15 12
31 78 12 17
31 79 13 13
31 80 18 15
31 81 13 14
31 82 12 13
31 83 17 19
31 84 15 14
31 85 18 15
31 86 14 13
31 87 18 14
31 88 18 12
31 89 19 17
31 90 10 17
31 91 13 15
31 92 14 15
31 93 19 13
31 94 16 12
31 95 13 15
31 96 15 17
31 97 16 12
31 98 13 19
31 99 17 14
32 33 991 1000
32 34 992 991
32 35 992 998
32 36 13 17
32 37 16 12
32 38 19 10
32 39 13 14
32 40 17 13
32 41 14 16
32 42 20 11
32 43 14 12
32 44 11 17
32 45 19 12
32 46 19 13
32 47 18 20
32 48 18 19
32 49 14 18
32 50 16 14
32 51 14 19
32 52 12 16
32 53 16 12
32 54 19 14
32 55 13 20
32 56 18 12
32 57 17 16
32 58 11 11
32 59 14 11
32 60 20 16
32 61 14 12
32 62 19 11
32 63 16 10
32 64 16 19
32 65 10 11
32 66 12 17
32 67 17 15
32 68 13 16
32 69 15 10
32 70 11 18
32 71 10 16
32 72 17 11
32 73 13 12
32 74 12 17
32 75 13 12
32 76 18 13
32 77 15 12
32 78 15 17
32 79 14 17
32 80 10 13
32 81 16 16
32 82 10 14
32 83 15 11
32 84 10 13
32 85 19 10
32 86 13 10
32 87 14 17
32 88 15 11
32 89 17 20
32 90 11 11
32 91 14 12
32 92 20 12
32 93 12 15
32 94 19 19
32 95 14 10
32 96 17 15
32 97 13 14
32 98 14 15
32 99 20 18
33 34 998 997
33 35 996 991
33 36 16 17
33 37 17 18
33 38 12 10
33 39 11 13
33 40 20 20
33 41 13 17
33 42 16 14
33 43 10 15
33 44 19 11
33 45 14 19
33 46 12 18
33 47 15 16
33 48 14 14
33 49 16 16
33 50 15 18
33 51 19 16
33 52 13 17
33 53 16 19
33 54 10 19
33 55 17 15
33 56 18 15
33 57 12 12
33 58 13 18
33 59 19 13
33 60 15 19
33 61 13 17
33 62 15 19
33 63 16 15
33 64 11 14
33 65 11 20
33 66 13 13
33 67 12 10
33 68 18 13
33 69 17 11
33 70 10 12
33 71 16 14
33 72 16 19
33 73 15 14
33 74 19 10
33 75 13 18
33 76 14 18
33 77 12 16
33 78 11 19
33 79 11 19
33 80 15 12
33 81 17 13
33 82 17 12
33 83 19 16
33 84 17 13
33 85 17 15
33 86 10 19
33 87 18 10
33 88 13 10
33 89 11 12
33 90 14 18
33 91 20 16
33 92 18 11
33 93 17 14
33 94 13 19
33 95 10 14
33 96 20 18
33 97 17 17
33 98 17 17
33 99 13 13
34 35 992 995
34 36 13 11
34 37 13 18
34 38 12 17
34 39 16 10
34 40 15 15
34 41 19 17
34 42 10 16
34 43 18 13
34 44 17 14
34 45 16 15
34 46 15 13
34 47 15 17
34 48 19 14
34 49 16 16
34 50 17 13
34 51 16 14
34 52 17 11
34 53 18 14
34 54 18 16
34 55 10 12
34 56 12 11
34 57 16 16
34 58 10 14
34 59 10 17
34 60 18 13
34 61 12 18
34 62 15 14
34 63 12 10
34 64 10 14
34 65 11 13
34 66 19 13
34 67 17 16
34 68 12 13
34 69 11 19
34 70 19 15
34 71 15 17
34 72 18 13
34 73 19 20
34 74 11 14
34 75 11 12
34 76 13 19
34 77 18 15
34 78 19 19
34 79 12 19
34 80 18 11
34 81 13 15
34 82 16 14
34 83 20 12
34 84 17 18
34 85 11 13
34 86 11 15
34 87 16 14
34 88 14 15
34 89 14 12
34 90 12 13
34 91 11 20
34 92 19 14
34 93 12 11
34 94 11 11
34 95 18 10
34 96 12 13
34 97 19 12
34 98 14 15
34 99 13 19
35 36 18 10
35 37 20 10
35 38 12 19
35 39 15 11
35 40 18 13
35 41 14 19
35 42 18 19
35 43 19 15
35 44 11 17
35 45 12 10
35 46 12 11
35 47 12 15
35 48 19 13
35 49 11 13
35 50 11 18
35 51 13 19
35 52 17 15
35 53 20 17
35 54 20 17
35 55 14 10
35 56 16 16
35 57 20 19
35 58 17 11
35 59 20 13
35 60 20 15
35 61 11 19
35 62 18 16
35 63 10 20
35 64 12 20
35 65 16 20
35 66 19 16
35 67 13 12
35 68 20 12
35 69 14 18
35 70 15 19
35 71 19 14
35 72 16 13
35 73 19 13
35 74 16 14
35 75 15 16
35 76 18 11
35 77 13 14
35 78 15 11
35 79 13 17
35 80 15 20
35 81 12 14
35 82 18 14
35 83 17 13
35 84 16 11
35 85 17 13
35 86 11 11
35 87 16 15
35 88 11 17
35 89 17 16
35 90 12 19
35 91 11 12
35 92 18 13
35 93 19 10
35 94 14 19
35 95 15 11
35 96 14 19
35 97 17 12
35 98 14 13
35 99 10 12
36 37 998 995
36 38 1000 996
36 39 1000 992
36 40 14 13
36 41 15 15
36 42 14 11
36 43 15 14
36 44 12 10
36 45 12 11
36 46 11 14
36 47 15 16
36 48 13 13
36 49 19 17
36 50 11 18
36 51 12 16
36 52 20 18
36 53 12 20
36 54 14 16
36 55 13 15
36 56 15 17
36 57 19 11
36 58 16 13
36 59 10 18
36 60 13 17
36 61 13 14
36 62 19 18
36 63 17 12
36 64 13 15
36 65 16 20
36 66 15 13
36 67 17 20
36 68 14 18
36 69 19 17
36 70 13 19
36 71 14 16
36 72 13 12
36 73 20 10
36 74 15 18
36 75 13 12
36 76 16 11
36 77 13 15
36 78 13 16
36 79 13 12
36 80 11 15
36 81 19 15
36 82 15 11
36 83 13 16
36 84 17 10
36 85 17 16
36 86 18 12
36 87 14 12
36 88 11 12
36 89 20 17
36 90 19 13
36 91 13 18
36 92 14 16
36 93 13 13
36 94 12 12
36 95 12 12
36 96 20 17
36 97 11 17
36 98 17 18
36 99 17 18
37 38 997 992
37 39 995 1000
37 40 20 12
37 41 15 12
37 42 14 20
37 43 18 13
37 44 19 19
37 45 18 15
37 46 10 15
37 47 12 12
37 48 18 19
37 49 11 11
37 50 13 16
37 51 18 16
37 52 10 14
37 53 12 18
37 54 10 15
37 55 17 20
37 56 14 13
37 57 20 18
37 58 20 11
37 59 20 10
37 60 11 13
37 61 20 18
37 62 18 19
37 63 19 14
37 64 20 17
37 65 15 18
37 66 18 11
37 67 12 15
37 68 14 13
37 69 19 15
37 70 18 12
37 71 17 16
37 72 16 12
37 73 20 18
37 74 12 16
37 75 18 11
37 76 17 16
37 77 20 18
37 78 18 19
37 79 11 18
37 80 19 13
37 81 12 17
37 82 13 10
37 83 16 12
37 84 15 14
37 85 20 13
37 86 12 11
37 87 16 16
37 88 18 15
37 89 11 11
37 90 11 20
37 91 15 12
37 92 15 11
37 93 19 17
37 94 12 13
37 95 13 12
37 96 15 11
37 97 19 10
37 98 12 13
37 99 13 16
38 39 999 994
38 40 19 19
38 41 11 15
38 42 12 17
38 43 14 17
38 44 17 11
38 45 15 19
38 46 16 11
38 47 18 16
38 48 14 20
38 49 11 15
38 50 14 15
38 51 18 10
38 52 18 10
38 53 15 19
38 54 13 11
38 55 14 13
38 56 12 10
38 57 18 19
38 58 20 19
38 59 14 15
38 60 12 18
38 61 14 17
38 62 13 13
38 63 14 19
38 64 13 12
38 65 16 13
38 66 14 17
38 67 17 13
38 68 18 17
38 69 14 16
38 70 16 15
38 71 14 17
38 72 13 15
38 73 18 20
38 74 12 16
38 75 14 14
38 76 15 16
38 77 12 16
38 78 20 15
38 79 17 11
38 80 18 17
38 81 16 15
38 82 12 14
38 83 13 11
38 84 12 18
38 85 14 14
38 86 12 13
38 87 18 18
38 88 12 11
38 89 12 13
38 90 17 17
38 91 19 19
38 92 16 17
38 93 14 18
38 94 10 16
38 95 10 16
38 96 19 19
38 97 13 12
38 98 20 13
38 99 18 13
39 40 11 15
39 41 14 20
39 42 17 13
39 43 15 12
39 44 18 14
39 45 14 13
39 46 11 12
39 47 18 20
39 48 11 10
39 49 16 15
39 50 18 19
39 51 19 13
39 52 19 13
39 53 15 14
39 54 13 12
39 55 19 12
39 56 14 12
39 57 18 12
39 58 18 14
39 59 15 11
39 60 11 17
39 61 14 18
39 62 15 16
39 63 10 11
39 64 18 10
39 65 16 17
39 66 13 15
39 67 17 18
39 68 15 14
39 69 13 14
39 70 17 18
39 71 16 15
39 72 14 10
39 73 14 17
39 74 13 16
39 75 10 18
39 76 15 11
39 77 15 16
39 78 19 18
39 79 11 18
39 80 20 19
39 81 12 17
39 82 13 11
39 83 19 15
39 84 18 18
39 85 15 18
39 86 19 17
39 87 11 18
39 88 16 14
39 89 13 20
39 90 14 15
39 91 12 13
39 92 19 12
39 93 17 12
39 94 11 16
39 95 16 14
39 96 14 12
39 97 10 10
39 98 11 17
39 99 11 11
40 41 1000 997
40 42 997 997
40 43 999 994
40 44 12 17
40 45 10 18
40 46 11 15
40 47 13 11
40 48 14 15
40 49 13 16
40 50 11 12
40 51 18 10
40 52 16 14
40 53 12 14
40 54 13 18
40 55 12 16
40 56 14 12
40 57 13 14
40 58 17 19
40 59 19 15
40 60 18 17
40 61 10 19
40 62 15 15
40 63 14 19
40 64 14 20
40 65 11 12
40 66 18 19
40 67 18 11
40 68 13 13
40 69 13 10
40 70 19 20
40 71 19 11
40 72 19 10
40 73 13 16
40 74 13 19
40 75 15 20
40 76 17 13
40 77 11 14
40 78 11 19
40 79 11 12
40 80 12 20
40 81 19 12
40 82 12 13
40 83 18 12
40 84 17 13
40 85 13 12
40 86 11 19
40 87 16 20
40 88 13 19
40 89 10 14
40 90 13 14
40 91 17 16
40 92 12 12
40 93 16 13
40 94 18 20
40 95 20 14
40 96 13 19
40 97 19 12
40 98 19 18
40 99 11 17
41 42 1000 991
41 43 990 995
41 44 11 11
41 45 10 12
41 46 19 10
41 47 11 20
41 48 17 13
41 49 18 18
41 50 16 13
41 51 17 16
41 52 15 15
41 53 18 11
41 54 19 12
41 55 19 11
41 56 11 17
41 57 11 18
41 58 14 11
41 59 20 18
41 60 17 12
41 61 13 20
41 62 12 16
41 63 19 14
41 64 18 18
41 65 16 19
41 66 15 13
41 67 18 11
41 68 18 14
41 69 19 13
41 70 16 19
41 71 11 16
41 72 13 11
41 73 19 18
41 74 18 12
41 75 14 19
41 76 19 11
41 77 18 20
41 78 19 16
41 79 14 19
41 80 16 18
41 81 18 15
41 82 18 20
41 83 17 18
41 84 16 15
41 85 12 13
41 86 11 13
41 87 17 19
41 88 15 16
41 89 15 14
41 90 19 12
41 91 11 19
41 92 17 14
41 93 12 19
41 94 16 20
41 95 13 16
41 96 11 15
41 97 14 12
41 98 17 18
41 99 16 11
42 43 991 990
42 44 15 19
42 45 12 11
42 46 18 11
42 47 14 11
42 48 12 14
42 49 11 16
42 50 15 17
42 51 11 16
42 52 12 10
42 53 18 14
42 54 17 19
42 55 14 19
42 56 18 12
42 57 17 17
42 58 11 19
42 59 16 20
42 60 15 14
42 61 12 19
42 62 12 18
42 63 11 13
42 64 11 12
42 65 12 12
42 66 17 15
42 67 15 15
42 68 16 10
42 69 11 12
42 70 19 16
42 71 13 17
42 72 11 12
42 73 12 15
42 74 11 12
42 75 18 13
42 76 12 17
42 77 18 11
42 78 12 16
42 79 19 11
42 80 18 14
42 81 20 18
42 82 20 19
42 83 15 12
42 84 20 15
42 85 19 16
42 86 15 12
42 87 18 13
42 88 14 11
42 89 20 15
42 90 18 15
42 91 12 17
42 92 11 17
42 93 13 11
42 94 15 16
42 95 12 16
42 96 16 11
42 97 15 10
42 98 11 15
42 99 17 18
43 44 11 18
43 45 18 20
43 46 11 12
43 47 15 17
43 48 12 13
43 49 18 13
43 50 12 11
43 51 11 18
43 52 15 14
43 53 12 11
43 54 19 14
43 55 16 15
43 56 10 11
43 57 19 10
43 58 17 15
43 59 16 12
43 60 17 15
43 61 11 11
43 62 15 19
43 63 10 14
43 64 13 14
43 65 18 20
43 66 17 14
43 67 15 19
43 68 17 19
43 69 11 17
43 70 17 11
43 71 12 20
43 72 13 12
43 73 12 18
43 74 11 10
43 75 14 15
43 76 14 16
43 77 14 15
43 78 15 14
43 79 10 11
43 80 19 18
43 81 20 16
43 82 17 11
43 83 13 15
43 84 11 16
43 85 15 12
43 86 10 18
43 87 12 15
43 88 14 16
43 89 11 17
43 90 16 11
43 91 13 16
43 92 16 11
43 93 14 18
43 94 18 14
43 95 12 14
43 96 11 15
43 97 15 18
43 98 17 12
43 99 19 12
44 45 994 995
44 46 995 994
44 47 992 996
44 48 18 11
44 49 11 11
44 50 18 11
44 51 12 19
44 52 16 18
44 53 19 13
44 54 17 15
44 55 16 12
44 56 15 11
44 57 16 11
44 58 17 13
44 59 14 15
44 60 20 19
44 61 20 12
44 62 13 15
44 63 12 20
44 64 11 11
44 65 13 17
44 66 13 20
44 67 15 12
44 68 15 14
44 69 12 16
44 70 17 11
44 71 13 19
44 72 10 16
44 73 12 13
44 74 10 19
44 75 14 19
44 76 15 17
44 77 19 12
44 78 19 11
44 79 15 15
44 80 13 11
44 81 15 17
44 82 19 14
44 83 12 15
44 84 12 10
44 85 17 18
44 86 18 15
44 87 12 12
44 88 17 11
44 89 19 18
44 90 13 18
44 91 14 11
44 92 17 13
44 93 17 17
44 94 19 17
44 95 13 13
44 96 19 10
44 97 10 18
44 98 11 16
44 99 16 12
45 46 992 991
45 47 996 995
45 48 13 13
45 49 15 20
45 50 16 17
45 51 14 18
45 52 17 12
45 53 18 19
45 54 20 16
45 55 14 15
45 56 11 14
45 57 17 11
45 58 14 11
45 59 19 13
45 60 16 12
45 61 10 15
45 62 15 15
45 63 10 11
45 64 12 11
45 65 15 12
45 66 10 15
45 67 19 18
45 68 19 19
45 69 15 11
45 70 12 18
45 71 10 10
45 72 13 13
45 73 12 10
45 74 15 19
45 75 13 19
45 76 18 15
45 77 18 10
45 78 14 18
45 79 19 11
45 80 16 16
45 81 10 19
45 82 15 12
45 83 19 19
45 84 14 11
45 85 17 13
45 86 13 15
45 87 17 17
45 88 16 11
45 89 17 17
45 90 19 15
45 91 13 14
45 92 17 10
45 93 19 20
45 94 13 17
45 95 19 15
45 96 19 16
45 97 11 17
45 98 13 13
45 99 19 14
46 47 992 993
46 48 12 10
46 49 13 17
46 50 15 16
46 51 20 19
46 52 17 15
46 53 16 12
46 54 19 17
46 55 11 15
46 56 19 12
46 57 20 14
46 58 12 14
46 59 15 11
46 60 12 20
46 61 16 20
46 62 18 16
46 63 11 12
46 64 16 14
46 65 17 18
46 66 12 19
46 67 11 11
46 68 17 15
46 69 19 16
46 70 16 16
46 71 18 17
46 72 17 19
46 73 11 20
46 74 17 14
46 75 19 14
46 76 18 11
46 77 13 19
46 78 15 13
46 79 19 12
46 80 13 19
46 81 16 18
46 82 17 15
46 83 18 19
46 84 13 19
46 85 17 15
46 86 14 19
46 87 10 11
46 88 16 19
46 89 11 12
46 90 18 12
46 91 18 16
46 92 10 13
46 93 19 17
46 94 14 14
46 95 13 12
46 96 11 13
46 97 13 16
46 98 19 14
46 99 17 20
47 48 16 15
47 49 16 11
47 50 17 15
47 51 12 17
47 52 17 10
47 53 16 12
47 54 13 17
47 55 17 13
47 56 17 18
47 57 13 14
47 58 12 16
47 59 14 19
47 60 13 11
47 61 15 19
47 62 19 15
47 63 12 17
47 64 13 18
47 65 13 18
47 66 20 19
47 67 13 19
47 68 12 19
47 69 11 16
47 70 14 10
47 71 17 11
47 72 12 17
47 73 13 13
47 74 17 15
47 75 17 17
47 76 17 18
47 77 14 13
47 78 19 10
47 79 13 15
47 80 12 14
47 81 14 15
47 82 14 11
47 83 19 18
47 84 11 14
47 85 17 17
47 86 17 13
47 87 15 15
47 88 17 11
47 89 11 11
47 90 13 15
47 91 17 12
47 92 19 20
47 93 18 11
47 94 16 12
47 95 16 20
47 96 16 19
47 97 19 11
47 98 10 11
47 99 11 14
48 49 997 998
48 50 991 996
48 51 992 994
48 52 18 19
48 53 12 14
48 54 15 17
48 55 10 17
48 56 17 13
48 57 12 13
48 58 18 13
48 59 10 18
48 60 16 19
48 61 15 14
48 62 17 12
48 63 16 20
48 64 14 13
48 65 12 14
48 66 14 10
48 67 11 14
48 68 11 11
48 69 16 15
48 70 11 14
48 71 17 17
48 72 16 10
48 73 11 11
48 74 13 11
48 75 14 17
48 76 16 11
48 77 18 17
48 78 18 10
48 79 14 10
48 80 16 16
48 81 14 15
48 82 14 12
48 83 16 15
48 84 17 17
48 85 19 18
48 86 15 14
48 87 14 18
48 88 13 16
48 89 16 10
48 90 10 19
48 91 17 15
48 92 11 11
48 93 20 13
48 94 17 15
48 95 18 10
48 96 16 14
48 97 15 10
48 98 14 14
48 99 15 17
49 50 997 998
49 51 999 994
49 52 16 12
49 53 14 16
49 54 11 12
49 55 19 18
49 56 14 17
49 57 11 11
49 58 18 15
49 59 16 16
49 60 11 11
49 61 12 18
49 62 12 19
49 63 16 10
49 64 14 11
49 65 12 13
49 66 16 19
49 67 16 18
49 68 10 11
49 69 17 19
49 70 12 14
49 71 10 16
49 72 12 16
49 73 13 11
49 74 18 13
49 75 13 16
49 76 12 15
49 77 16 11
49 78 11 18
49 79 15 10
49 80 16 11
49 81 16 19
49 82 13 11
49 83 18 18
49 84 19 10
49 85 10 13
49 86 18 12
49 87 11 14
49 88 17 13
49 89 12 13
49 90 17 16
49 91 19 15
49 92 20 17
49 93 17 19
49 94 15 15
49 95 12 11
49 96 13 13
49 97 11 11
49 98 12 12
49 99 14 17
50 51 994 990
50 52 18 19
50 53 13 13
50 54 10 14
50 55 18 10
50 56 19 12
50 57 13 11
50 58 19 10
50 59 10 15
50 60 18 12
50 61 15 17
50 62 15 20
50 63 19 18
50 64 19 11
50 65 14 20
50 66 14 15
50 67 14 14
50 68 11 19
50 69 20 11
50 70 12 18
50 71 19 10
50 72 18 16
50 73 11 19
50 74 16 17
50 75 15 16
50 76 18 10
50 77 13 17
50 78 15 17
50 79 13 14
50 80 18 18
50 81 15 11
50 82 17 11
50 83 19 12
50 84 13 17
50 85 11 17
50 86 12 18
50 87 10 17
50 88 16 17
50 89 12 14
50 90 11 20
50 91 20 19
50 92 14 15
50 93 17 13
50 94 10 15
50 95 17 14
50 96 12 12
50 97 12 20
50 98 16 13
50 99 18 18
51 52 18 14
51 53 11 16
51 54 20 17
51 55 17 14
51 56 15 18
51 57 11 13
51 58 19 16
51 59 10 16
51 60 13 12
51 61 12 18
51 62 20 10
51 63 15 11
51 64 13 12
51 65 16 17
51 66 13 13
51 67 10 18
51 68 13 11
51 69 11 20
51 70 17 12
51 71 18 11
51 72 11 18
51 73 18 20
51 74 17 15
51 75 12 16
51 76 14 19
51 77 17 19
51 78 19 11
51 79 14 10
51 80 14 18
51 81 18 16
51 82 18 13
51 83 15 14
51 84 16 11
51 85 13 18
51 86 14 18
51 87 18 18
51 88 19 16
51 89 10 19
51 90 12 12
51 91 17 14
51 92 12 14
51 93 12 16
51 94 18 12
51 95 13 13
51 96 17 19
51 97 11 13
51 98 19 14
51 99 16 14
52 53 993 990
52 54 997 995
52 55 993 990
52 56 14 15
52 57 20 15
52 58 14 17
52 59 15 17
52 60 14 18
52 61 16 17
52 62 13 13
52 63 16 12
52 64 11 19
52 65 13 13
52 66 11 17
52 67 18 19
52 68 11 15
52 69 11 12
52 70 19 11
52 71 12 17
52 72 13 20
52 73 14 17
52 74 20 19
52 75 11 17
52 76 10 19
52 77 13 20
52 78 18 17
52 79 19 16
52 80 19 17
52 81 10 14
52 82 17 11
52 83 18 18
52 84 17 14
52 85 11 16
52 86 15 14
52 87 12 17
52 88 16 14
52 89 13 14
52 90 15 14
52 91 18 11
52 92 14 20
52 93 15 18
52 94 18 12
52 95 11 20
52 96 18 10
52 97 11 11
52 98 15 20
52 99 18 18
53 54 997 994
53 55 994 995
53 56 16 14
53 57 19 18
53 58 14 15
53 59 19 13
53 60 15 12
53 61 13 10
53 62 20 11
53 63 11 19
53 64 14 11
53 65 19 16
53 66 16 19
53 67 16 14
53 68 19 14
53 69 18 20
53 70 20 17
53 71 12 16
53 72 12 14
53 73 19 17
53 74 15 16
53 75 17 10
53 76 10 19
53 77 14 10
53 78 18 11
53 79 12 15
53 80 11 14
53 81 16 14
53 82 17 10
53 83 20 19
53 84 11 13
53 85 15 15
53 86 18 15
53 87 15 11
53 88 18 12
53 89 15 17
53 90 13 10
53 91 17 11
53 92 10 19
53 93 19 18
53 94 20 11
53 95 11 20
53 96 15 11
53 97 12 14
53 98 16 15
53 99 18 12
54 55 991 999
54 56 12 12
54 57 11 13
54 58 14 16
54 59 14 14
54 60 15 17
54 61 13 12
54 62 16 16
54 63 13 17
54 64 10 12
54 65 12 13
54 66 14 15
54 67 17 19
54 68 13 15
54 69 20 13
54 70 10 16
54 71 16 19
54 72 14 16
54 73 15 18
54 74 17 10
54 75 13 11
54 76 10 19
54 77 19 11
54 78 10 15
54 79 20 11
54 80 16 16
54 81 11 11
54 82 12 13
54 83 20 11
54 84 19 11
54 85 16 18
54 86 13 11
54 87 17 17
54 88 18 19
54 89 12 20
54 90 12 17
54 91 11 15
54 92 19 11
54 93 14 16
54 94 12 15
54 95 13 19
54 96 13 14
54 97 19 16
54 98 13 19
54 99 17 10
55 56 10 16
55 57 14 13
55 58 19 17
55 59 19 14
55 60 15 11
55 61 19 13
55 62 13 13
55 63 16 18
55 64 19 13
55 65 15 10
55 66 11 14
55 67 14 15
55 68 14 16
55 69 12 11
55 70 19 18
55 71 12 17
55 72 14 18
55 73 19 14
55 74 11 13
55 75 12 10
55 76 19 19
55 77 15 13
55 78 19 13
55 79 14 12
55 80 17 17
55 81 19 17
55 82 10 14
55 83 17 11
55 84 17 13
55 85 14 11
55 86 14 15
55 87 11 18
55 88 17 16
55 89 11 20
55 90 13 11
55 91 14 13
55 92 11 14
55 93 20 12
55 94 17 16
55 95 13 19
55 96 12 10
55 97 14 11
55 98 12 11
55 99 16 15
56 57 990 999
56 58 993 995
56 59 997 993
56 60 15 17
56 61 11 20
56 62 11 14
56 63 11 17
56 64 10 15
56 65 12 12
56 66 19 12
56 67 16 15
56 68 18 16
56 69 12 14
56 70 16 13
56 71 19 19
56 72 12 19
56 73 13 14
56 74 15 14
56 75 12 13
56 76 11 19
56 77 17 15
56 78 15 16
56 79 12 16
56 80 14 19
56 81 19 19
56 82 12 13
56 83 19 12
56 84 18 19
56 85 18 16
56 86 14 16
56 87 11 18
56 88 12 12
56 89 14 17
56 90 13 13
56 91 14 14
56 92 14 16
56 93 19 11
56 94 11 15
56 95 13 17
56 96 17 15
56 97 16 10
56 98 11 14
56 99 14 20
57 58 993 992
57 59 996 998
57 60 15 10
57 61 14 18
57 62 19 13
57 63 14 12
57 64 15 14
57 65 12 17
57 66 13 13
57 67 12 19
57 68 16 13
57 69 18 19
57 70 12 14
57 71 16 14
57 72 18 16
57 73 15 12
57 74 10 12
57 75 20 17
57 76 17 12
57 77 14 18
57 78 12 18
57 79 18 13
57 80 18 13
57 81 14 13
57 82 12 12
57 83 18 13
57 84 10 14
57 85 16 11
57 86 17 15
57 87 18 10
57 88 18 18
57 89 14 12
57 90 11 18
57 91 13 17
57 92 16 20
57 93 11 15
57 94 15 16
57 95 19 16
57 96 19 17
57 97 19 20
57 98 10 15
57 99 11 14
58 59 991 994
58 60 12 12
58 61 17 14
58 62 13 17
58 63 14 14
58 64 14 14
58 65 17 10
58 66 14 13
58 67 17 16
58 68 16 12
58 69 18 16
58 70 14 11
58 71 19 10
58 72 11 11
58 73 17 17
58 74 19 12
58 75 13 15
58 76 19 12
58 77 11 12
58 78 16 10
58 79 12 14
58 80 13 15
58 81 15 20
58 82 11 14
58 83 12 17
58 84 16 12
58 85 18 16
58 86 14 13
58 87 13 18
58 88 11 16
58 89 14 17
58 90 16 19
58 91 11 20
58 92 12 10
58 93 13 13
58 94 13 17
58 95 12 11
58 96 14 14
58 97 16 11
58 98 19 15
58 99 16 15
59 60 14 15
59 61 16 16
59 62 11 17
59 63 18 18
59 64 20 10
59 65 11 12
59 66 16 11
59 67 12 16
59 68 17 14
59 69 12 19
59 70 12 18
59 71 17 14
59 72 11 19
59 73 20 11
59 74 18 14
59 75 15 13
59 76 13 12
59 77 15 12
59 78 11 18
59 79 14 14
59 80 13 11
59 81 11 12
59 82 19 11
59 83 19 12
59 84 19 15
59 85 15 12
59 86 17 17
59 87 18 12
59 88 19 16
59 89 19 15
59 90 14 19
59 91 17 15
59 92 12 19
59 93 11 15
59 94 17 11
59 95 17 19
59 96 15 15
59 97 18 19
59 98 11 15
59 99 19 13
60 61 998 990
60 62 997 993
60 63 996 996
60 64 12 10
60 65 14 10
60 66 15 11
60 67 11 14
60 68 10 17
60 69 15 19
60 70 15 16
60 71 13 19
60 72 13 13
60 73 11 18
60 74 12 16
60 75 13 12
60 76 16 16
60 77 20 16
60 78 10 14
60 79 11 15
60 80 17 17
60 81 12 18
60 82 20 16
60 83 18 15
60 84 13 16
60 85 12 13
60 86 15 11
60 87 13 12
60 88 16 17
60 89 17 19
60 90 13 18
60 91 16 17
60 92 12 19
60 93 19 17
60 94 14 17
60 95 14 17
60 96 13 12
60 97 20 13
60 98 10 19
60 99 15 18
61 62 995 996
61 63 998 994
61 64 16 13
61 65 19 18
61 66 18 15
61 67 15 16
61 68 11 14
61 69 19 19
61 70 12 18
61 71 10 11
61 72 12 14
61 73 13 15
61 74 13 19
61 75 15 10
61 76 11 14
61 77 14 20
61 78 13 11
61 79 11 10
61 80 16 18
61 81 14 17
61 82 19 18
61 83 14 18
61 84 17 15
61 85 18 12
61 86 19 17
61 87 15 19
61 88 10 17
61 89 14 10
61 90 11 14
61 91 13 11
61 92 20 17
61 93 16 13
61 94 20 10
61 95 17 13
61 96 15 14
61 97 14 17
61 98 20 15
61 99 16 19
62 63 993 1000
62 64 10 15
62 65 12 13
62 66 12 16
62 67 18 18
62 68 20 13
62 69 14 15
62 70 18 20
62 71 13 11
62 72 17 18
62 73 14 19
62 74 11 10
62 75 20 14
62 76 16 17
62 77 16 16
62 78 17 16
62 79 12 17
62 80 17 17
62 81 18 17
62 82 18 12
62 83 13 12
62 84 14 19
62 85 15 15
62 86 15 19
62 87 13 16
62 88 12 15
62 89 15 10
62 90 15 16
62 91 20 15
62 92 19 13
62 93 11 11
62 94 15 15
62 95 15 17
62 96 18 11
62 97 13 12
62 98 12 17
62 99 14 19
63 64 12 19
63 65 14 12
63 66 12 19
63 67 13 14
63 68 14 18
63 69 14 12
63 70 12 19
63 71 12 13
63 72 14 13
63 73 12 18
63 74 19 15
63 75 12 20
63 76 11 18
63 77 19 17
63 78 18 11
63 79 12 14
63 80 13 12
63 81 11 19
63 82 14 12
63 83 12 16
63 84 20 14
63 85 20 13
63 86 10 18
63 87 19 18
63 88 19 10
63 89 11 11
63 90 11 18
63 91 12 16
63 92 12 11
63 93 17 18
63 94 17 14
63 95 19 16
63 96 15 13
63 97 12 14
63 98 14 14
63 99 14 11
64 65 996 997
64 66 995 992
64 67 991 999
64 68 14 11
64 69 13 14
64 70 20 18
64 71 13 18
64 72 10 17
64 73 12 13
64 74 12 11
64 75 18 19
64 76 17 18
64 77 15 20
64 78 17 11
64 79 14 15
64 80 17 12
64 81 18 14
64 82 10 15
64 83 20 17
64 84 15 13
64 85 18 10
64 86 15 14
64 87 16 18
64 88 14 15
64 89 14 11
64 90 12 19
64 91 13 16
64 92 18 19
64 93 12 14
64 94 14 12
64 95 11 18
64 96 13 19
64 97 14 16
64 98 18 19
64 99 12 18
65 66 993 1000
65 67 995 993
65 68 20 19
65 69 15 18
65 70 11 14
65 71 13 11
65 72 11 14
65 73 11 19
65 74 15 14
65 75 11 17
65 76 14 20
65 77 18 16
65 78 14 10
65 79 17 12
65 80 16 16
65 81 12 19
65 82 15 17
65 83 16 11
65 84 10 17
65 85 12 13
65 86 14 20
65 87 12 16
65 88 17 13
65 89 15 12
65 90 10 14
65 91 19 16
65 92 16 14
65 93 13 15
65 94 20 12
65 95 18 11
65 96 15 19
65 97 18 19
65 98 12 10
65 99 18 17
66 67 999 997
66 68 11 17
66 69 17 19
66 70 19 10
66 71 13 17
66 72 12 13
66 73 18 10
66 74 12 18
66 75 13 13
66 76 16 19
66 77 18 19
66 78 11 12
66 79 13 14
66 80 12 15
66 81 18 15
66 82 11 11
66 83 13 10
66 84 14 14
66 85 13 17
66 86 19 15
66 87 13 15
66 88 14 16
66 89 11 11
66 90 16 19
66 91 16 11
66 92 16 12
66 93 11 14
66 94 11 13
66 95 16 20
66 96 16 11
66 97 13 12
66 98 18 19
66 99 11 15
67 68 14 11
67 69 16 19
67 70 10 19
67 71 19 18
67 72 19 12
67 73 14 19
67 74 14 18
67 75 12 11
67 76 14 15
67 77 17 18
67 78 19 14
67 79 17 13
67 80 16 13
67 81 20 18
67 82 10 12
67 83 10 19
67 84 11 19
67 85 13 13
67 86 11 11
67 87 12 14
67 88 11 16
67 89 16 12
67 90 12 12
67 91 16 13
67 92 16 16
67 93 18 15
67 94 14 12
67 95 12 14
67 96 11 13
67 97 20 13
67 98 18 16
67 99 13 19
68 69 990 999
68 70 992 991
68 71 999 996
68 72 14 15
68 73 13 20
68 74 14 14
68 75 18 20
68 76 14 16
68 77 17 18
68 78 16 17
68 79 20 16
68 80 12 17
68 81 19 19
68 82 16 11
68 83 15 18
68 84 12 11
68 85 20 15
68 86 14 13
68 87 13 20
68 88 13 19
68 89 18 14
68 90 11 19
68 91 16 19
68 92 19 19
68 93 14 12
68 94 16 20
68 95 19 14
68 96 13 18
68 97 18 14
68 98 12 19
68 99 15 11
69 70 999 990
69 71 993 991
69 72 14 15
69 73 18 12
69 74 12 12
69 75 17 12
69 76 14 12
69 77 18 14
69 78 15 14
69 79 15 13
69 80 12 16
69 81 11 19
69 82 18 18
69 83 14 14
69 84 14 13
69 85 12 15
69 86 16 13
69 87 11 16
69 88 11 13
69 89 10 12
69 90 17 13
69 91 13 19
69 92 18 16
69 93 16 16
69 94 19 18
69 95 12 16
69 96 18 13
69 97 13 12
69 98 14 11
69 99 16 16
70 71 995 995
70 72 11 19
70 73 20 18
70 74 17 17
70 75 16 16
70 76 13 13
70 77 19 14
70 78 16 14
70 79 15 19
70 80 13 18
70 81 15 14
70 82 17 20
70 83 19 14
70 84 10 14
70 85 11 16
70 86 13 13
70 87 12 20
70 88 19 17
70 89 18 19
70 90 11 11
70 91 12 18
70 92 17 12
70 93 17 18
70 94 16 13
70 95 12 16
70 96 17 15
70 97 15 14
70 98 20 12
70 99 14 15
71 72 13 18
71 73 17 19
71 74 14 17
71 75 15 15
71 76 16 17
71 77 18 16
71 78 20 13
71 79 17 15
71 80 17 18
71 81 12 19
71 82 10 19
71 83 18 13
71 84 20 18
71 85 19 18
71 86 18 18
71 87 14 13
71 88 19 10
71 89 15 18
71 90 18 18
71 91 17 13
71 92 18 15
71 93 18 19
71 94 17 20
71 95 19 12
71 96 17 13
71 97 13 15
71 98 14 13
71 99 18 16
72 73 993 992
72 74 997 997
72 75 993 994
72 76 10 13
72 77 19 20
72 78 17 11
72 79 19 17
72 80 11 16
72 81 12 11
72 82 13 19
72 83 10 18
72 84 10 16
72 85 10 13
72 86 19 18
72 87 18 19
72 88 13 19
72 89 12 18
72 90 14 17
72 91 12 16
72 92 15 18
72 93 19 16
72 94 14 13
72 95 17 14
72 96 16 16
72 97 12 15
72 98 14 14
72 99 17 19
73 74 991 998
73 75 998 996
73 76 12 18
73 77 14 12
73 78 10 14
73 79 12 14
73 80 16 14
73 81 19 16
73 82 10 14
73 83 14 14
73 84 18 20
73 85 13 17
73 86 20 12
73 87 20 11
73 88 20 18
73 89 17 16
73 90 16 13
73 91 13 14
73 92 16 14
73 93 17 11
73 94 11 16
73 95 19 11
73 96 16 11
73 97 15 11
73 98 15 13
73 99 12 12
74 75 995 997
74 76 16 18
74 77 18 15
74 78 14 15
74 79 20 12
74 80 19 14
74 81 12 13
74 82 11 11
74 83 18 14
74 84 15 15
74 85 13 15
74 86 19 13
74 87 17 14
74 88 11 17
74 89 15 15
74 90 11 12
74 91 16 17
74 92 14 13
74 93 16 16
74 94 10 16
74 95 15 17
74 96 10 11
74 97 18 10
74 98 17 15
74 99 20 15
75 76 15 12
75 77 19 11
75 78 15 17
75 79 13 16
75 80 14 20
75 81 12 13
75 82 15 10
75 83 15 17
75 84 14 10
75 85 18 12
75 86 18 18
75 87 19 18
75 88 12 12
75 89 20 14
75 90 13 12
75 91 11 11
75 92 18 19
75 93 11 11
75 94 15 12
75 95 12 16
75 96 14 12
75 97 11 17
75 98 15 17
75 99 15 15
76 77 991 992
76 78 998 993
76 79 1000 997
76 80 12 13
76 81 17 18
76 82 17 14
76 83 17 13
76 84 16 19
76 85 19 15
76 86 16 18
76 87 10 17
76 88 20 13
76 89 13 12
76 90 17 20
76 91 16 19
76 92 15 13
76 93 13 15
76 94 15 17
76 95 14 16
76 96 14 15
76 97 14 13
76 98 10 17
76 99 18 13
77 78 994 993
77 79 993 999
77 80 16 12
77 81 20 10
77 82 13 16
77 83 18 11
77 84 11 17
77 85 17 18
77 86 11 13
77 87 16 10
77 88 12 10
77 89 17 12
77 90 12 10
77 91 13 13
77 92 16 14
77 93 11 18
77 94 15 11
77 95 20 14
77 96 12 19
77 97 15 17
77 98 13 15
77 99 20 19
78 79 999 1000
78 80 14 18
78 81 14 18
78 82 20 15
78 83 13 17
78 84 15 19
78 85 19 14
78 86 14 16
78 87 20 14
78 88 17 19
78 89 12 17
78 90 19 12
78 91 11 15
78 92 15 10
78 93 12 11
78 94 12 17
78 95 13 16
78 96 15 19
78 97 20 20
78 98 17 11
78 99 15 11
79 80 12 18
79 81 14 13
79 82 15 10
79 83 11 15
79 84 11 19
79 85 15 14
79 86 17 19
79 87 13 16
79 88 12 13
79 89 14 10
79 90 15 16
79 91 12 12
79 92 18 14
79 93 18 11
79 94 17 20
79 95 20 15
79 96 16 17
79 97 19 20
79 98 17 10
79 99 19 19
80 81 992 992
80 82 995 992
80 83 996 996
80 84 13 18
80 85 10 16
80 86 15 13
80 87 15 16
80 88 17 13
80 89 12 13
80 90 17 15
80 91 17 10
80 92 17 13
80 93 15 11
80 94 20 17
80 95 18 14
80 96 12 15
80 97 18 20
80 98 14 11
80 99 15 20
81 82 994 999
81 83 994 995
81 84 17 13
81 85 11 13
81 86 20 10
81 87 11 12
81 88 10 15
81 89 20 12
81 90 18 13
81 91 10 11
81 92 12 11
81 93 12 16
81 94 14 12
81 95 12 18
81 96 18 13
81 97 13 15
81 98 11 15
81 99 13 20
82 83 1000 993
82 84 11 19
82 85 16 19
82 86 11 11
82 87 13 13
82 88 15 14
82 89 16 12
82 90 11 19
82 91 18 13
82 92 12 15
82 93 12 15
82 94 11 16
82 95 16 13
82 96 13 19
82 97 12 12
82 98 15 15
82 99 13 15
83 84 10 15
83 85 16 18
83 86 13 13
83 87 18 13
83 88 12 11
83 89 14 12
83 90 12 19
83 91 16 19
83 92 20 12
83 93 12 18
83 94 14 16
83 95 15 18
83 96 10 19
83 97 17 16
83 98 20 13
83 99 19 14
84 85 997 991
84 86 996 998
84 87 996 999
84 88 17 11
84 89 11 13
84 90 15 11
84 91 20 13
84 92 15 10
84 93 13 18
84 94 12 13
84 95 18 15
84 96 12 19
84 97 16 17
84 98 10 13
84 99 17 15
85 86 993 1000
85 87 992 998
85 88 15 13
85 89 10 19
85 90 16 17
85 91 18 13
85 92 15 12
85 93 20 11
85 94 17 16
85 95 20 17
85 96 12 19
85 97 14 19
85 98 14 15
85 99 17 18
86 87 998 992
86 88 17 12
86 89 10 11
86 90 19 17
86 91 14 18
86 92 18 19
86 93 19 15
86 94 11 19
86 95 16 18
86 96 20 16
86 97 13 12
86 98 14 14
86 99 16 19
87 88 20 14
87 89 15 15
87 90 10 13
87 91 14 14
87 92 19 17
87 93 13 12
87 94 13 10
87 95 15 19
87 96 16 17
87 97 14 17
87 98 10 18
87 99 19 14
88 89 1000 996
88 90 990 998
88 91 994 994
88 92 17 18
88 93 19 19
88 94 15 13
88 95 10 15
88 96 12 19
88 97 13 17
88 98 11 19
88 99 13 20
89 90 993 991
89 91 994 997
89 92 16 12
89 93 16 16
89 94 10 17
89 95 12 16
89 96 14 20
89 97 17 14
89 98 18 12
89 99 10 17
90 91 996 995
90 92 15 16
90 93 17 14
90 94 12 16
90 95 16 13
90 96 20 11
90 97 20 20
90 98 14 14
90 99 17 18
91 92 15 11
91 93 18 11
91 94 15 17
91 95 11 13
91 96 19 15
91 97 19 16
91 98 12 15
91 99 17 13
92 93 996 993
92 94 999 1000
92 95 992 994
92 96 17 12
92 97 12 19
92 98 19 10
92 99 15 16
93 94 995 995
93 95 991 999
93 96 11 11
93 97 18 19
93 98 19 15
93 99 14 13
94 95 997 998
94 96 18 12
94 97 15 11
94 98 20 18
94 99 19 18
95 96 16 18
95 97 13 18
95 98 12 14
95 99 18 11
96 97 994 990
96 98 992 1000
96 99 995 996
97 98 995 995
97 99 994 991
98 99 995 990
